

"STmap_Distort_track_1"
1
240
1014 1314.983 649.989 0.000
1015 1243.616 604.139 0.000
1016 1181.616 561.547 0.000
1017 1130.639 539.861 0.000
1018 1088.893 583.807 0.000
1019 1034.934 668.107 0.000
1020 989.043 742.453 0.000
1021 970.033 780.174 0.000
1022 956.043 784.570 0.000
1023 936.252 805.908 0.000
1024 948.092 843.092 0.000
1025 972.139 853.922 0.000
1026 986.025 824.705 0.000
1027 998.705 774.078 0.000
1028 1026.123 722.957 0.000
1029 1066.453 697.025 0.000
1030 1094.975 702.232 0.000
1031 1112.043 724.043 0.000
1032 1122.788 742.983 0.000
1033 1132.500 758.684 0.000
1034 1137.430 762.453 0.000
1035 1135.946 757.000 0.000
1036 1130.983 752.232 0.000
1037 1126.807 753.066 0.000
1038 1123.316 754.000 0.000
1039 1120.025 750.017 0.000
1040 1115.107 741.407 0.000
1041 1111.997 734.384 0.000
1042 1111.174 726.523 0.000
1043 1114.807 718.705 0.000
1044 1123.054 713.001 0.000
1045 1132.273 710.570 0.000
1046 1139.922 710.453 0.000
1047 1145.727 710.361 0.000
1048 1151.407 713.523 0.000
1049 1155.570 718.107 0.000
1050 1157.997 723.684 0.000
1051 1159.593 729.983 0.000
1052 1162.001 733.011 0.000
1053 1163.727 735.361 0.000
1054 1166.033 737.844 0.000
1055 1167.861 736.994 0.000
1056 1170.193 733.861 0.000
1057 1171.999 729.893 0.000
1058 1176.054 727.361 0.000
1059 1181.983 725.861 0.000
1060 1187.768 727.212 0.000
1061 1191.877 730.384 0.000
1062 1193.339 733.593 0.000
1063 1194.078 737.500 0.000
1064 1195.877 741.295 0.000
1065 1199.006 743.768 0.000
1066 1202.273 743.727 0.000
1067 1205.705 742.922 0.000
1068 1208.033 742.908 0.000
1069 1208.033 742.908 0.000
1070 1208.997 740.453 0.000
1071 1211.453 736.570 0.000
1072 1214.877 734.066 0.000
1073 1218.017 734.043 0.000
1074 1218.994 729.339 0.000
1075 1217.295 723.043 0.000
1076 1214.994 716.033 0.000
1077 1212.547 710.684 0.000
1078 1215.000 709.922 0.000
1079 1220.826 713.788 0.000
1080 1228.025 718.316 0.000
1081 1235.430 722.999 0.000
1082 1241.092 726.934 0.000
1083 1242.922 726.922 0.000
1084 1241.107 724.477 0.000
1085 1238.826 724.500 0.000
1086 1237.011 727.748 0.000
1087 1232.967 734.000 0.000
1088 1227.975 740.212 0.000
1089 1224.593 745.908 0.000
1090 1226.066 750.523 0.000
1091 1230.156 754.384 0.000
1092 1235.078 756.844 0.000
1093 1238.477 755.054 0.000
1094 1241.000 748.908 0.000
1095 1242.807 740.994 0.000
1096 1244.384 733.975 0.000
1097 1247.844 729.066 0.000
1098 1250.139 726.877 0.000
1099 1251.946 727.593 0.000
1100 1251.003 728.273 0.000
1101 1249.361 728.295 0.000
1102 1246.989 727.639 0.000
1103 1243.727 726.003 0.000
1104 1240.316 726.011 0.000
1105 1236.174 725.232 0.000
1106 1231.252 725.273 0.000
1107 1227.123 724.639 0.000
1108 1223.043 723.017 0.000
1109 1219.922 723.033 0.000
1110 1218.079 724.748 0.000
1111 1217.232 727.922 0.000
1112 1218.043 730.092 0.000
1113 1218.043 728.661 0.000
1114 1216.523 726.156 0.000
1115 1214.006 724.788 0.000
1116 1212.407 722.339 0.000
1117 1211.684 720.946 0.000
1118 1213.193 720.011 0.000
1119 1214.033 719.174 0.000
1120 1214.025 720.934 0.000
1121 1212.407 722.339 0.000
1122 1209.994 723.092 0.000
1123 1207.477 723.997 0.000
1124 1205.922 723.999 0.000
1125 1205.922 724.861 0.000
1126 1205.908 725.593 0.000
1127 1206.705 725.570 0.000
1128 1207.477 723.997 0.000
1129 1209.043 723.997 0.000
1130 1209.994 723.994 0.000
1131 1209.989 725.547 0.000
1132 1211.593 727.957 0.000
1133 1212.316 728.727 0.000
1134 1210.826 727.967 0.000
1135 1209.983 726.232 0.000
1136 1209.033 725.547 0.000
1137 1208.174 727.033 0.000
1138 1208.156 728.768 0.000
1139 1208.156 728.768 0.000
1140 1207.453 725.570 0.000
1141 1208.232 722.384 0.000
1142 1211.684 720.946 0.000
1143 1215.826 720.922 0.000
1144 1219.003 720.893 0.000
1145 1221.500 720.000 0.000
1146 1223.066 719.092 0.000
1147 1223.997 719.092 0.000
1148 1225.661 719.997 0.000
1149 1226.384 720.826 0.000
1150 1228.017 719.989 0.000
1151 1229.826 718.295 0.000
1152 1229.844 716.877 0.000
1153 1229.844 716.000 0.000
1154 1229.861 715.123 0.000
1155 1228.994 714.407 0.000
1156 1228.043 715.123 0.000
1157 1226.430 716.908 0.000
1158 1224.908 717.661 0.000
1159 1222.252 718.384 0.000
1160 1219.957 718.407 0.000
1161 1219.003 719.139 0.000
1162 1218.123 718.430 0.000
1163 1218.139 716.957 0.000
1164 1218.156 715.212 0.000
1165 1217.407 714.523 0.000
1166 1217.407 713.826 0.000
1167 1216.684 713.844 0.000
1168 1216.684 712.994 0.000
1169 1215.922 710.661 0.000
1170 1215.003 707.453 0.000
1171 1215.006 705.975 0.000
1172 1215.006 705.043 0.000
1173 1215.011 702.908 0.000
1174 1215.017 701.139 0.000
1175 1215.025 700.430 0.000
1176 1215.025 700.430 0.000
1177 1215.025 700.430 0.000
1178 1213.430 698.967 0.000
1179 1213.477 696.547 0.000
1180 1213.500 694.078 0.000
1181 1213.547 691.003 0.000
1182 1214.295 689.430 0.000
1183 1216.000 688.727 0.000
1184 1218.453 688.705 0.000
1185 1220.043 687.934 0.000
1186 1221.877 685.453 0.000
1187 1222.662 683.983 0.000
1188 1222.662 683.983 0.000
1189 1222.684 683.066 0.000
1190 1223.407 683.066 0.000
1191 1224.174 682.316 0.000
1192 1224.174 681.661 0.000
1193 1224.174 681.661 0.000
1194 1223.430 680.922 0.000
1195 1223.430 680.922 0.000
1196 1221.908 680.006 0.000
1197 1220.092 679.193 0.000
1198 1218.570 679.212 0.000
1199 1217.807 678.523 0.000
1200 1216.017 679.232 0.000
1201 1215.156 680.025 0.000
1202 1213.661 680.033 0.000
1203 1211.054 680.043 0.000
1204 1209.500 680.983 0.000
1205 1208.748 681.807 0.000
1206 1208.727 683.156 0.000
1207 1209.453 685.593 0.000
1208 1211.017 688.768 0.000
1209 1212.788 691.003 0.000
1210 1214.252 692.639 0.000
1211 1215.999 691.893 0.000
1212 1218.430 690.107 0.000
1213 1221.861 687.921 0.000
1214 1225.967 685.430 0.000
1215 1230.000 683.957 0.000
1216 1233.193 683.946 0.000
1217 1236.593 683.934 0.000
1218 1238.107 684.639 0.000
1219 1239.946 683.908 0.000
1220 1241.500 682.193 0.000
1221 1243.066 680.788 0.000
1222 1245.684 679.043 0.000
1223 1248.025 678.252 0.000
1224 1249.844 677.547 0.000
1225 1251.316 677.547 0.000
1226 1252.092 676.826 0.000
1227 1253.001 675.994 0.000
1228 1253.921 676.826 0.000
1229 1254.684 679.017 0.000
1230 1255.384 681.384 0.000
1231 1255.384 680.705 0.000
1232 1255.384 680.705 0.000
1233 1255.384 680.705 0.000
1234 1255.384 681.384 0.000
1235 1253.877 683.844 0.000
1236 1252.989 686.946 0.000
1237 1252.033 689.107 0.000
1238 1251.232 688.384 0.000
1239 1250.477 689.123 0.000
1240 1250.477 690.000 0.000
1241 1248.921 692.295 0.000
1242 1248.000 693.989 0.000
1243 1246.273 694.826 0.000
1244 1244.788 695.547 0.000
1245 1243.006 697.033 0.000
1246 1241.361 697.975 0.000
1247 1238.025 700.212 0.000
1248 1233.997 701.967 0.000
1249 1230.768 701.983 0.000
1250 1227.361 701.989 0.000
1251 1225.861 701.994 0.000
1252 1224.989 701.078 0.000
1253 1224.989 701.078 0.000


"STmap_Distort_track_2"
1
243
1011 1732.989 875.946 0.000
1012 1702.212 811.339 0.000
1013 1668.957 761.477 0.000
1014 1609.861 713.252 0.000
1015 1546.156 661.684 0.000
1016 1483.011 620.193 0.000
1017 1424.078 603.078 0.000
1018 1390.107 654.477 0.000
1019 1339.000 753.788 0.000
1020 1297.788 830.043 0.000
1021 1288.430 860.043 0.000
1022 1278.547 868.066 0.000
1023 1260.043 895.078 0.000
1024 1268.361 892.826 0.000
1025 1289.006 886.107 0.000
1026 1314.684 874.975 0.000
1027 1339.295 858.975 0.000
1028 1367.212 799.946 0.000
1029 1413.684 767.593 0.000
1030 1446.017 765.092 0.000
1031 1467.994 784.877 0.000
1032 1481.861 804.339 0.000
1033 1494.000 818.523 0.000
1034 1502.054 823.123 0.000
1035 1502.043 817.844 0.000
1036 1498.946 814.684 0.000
1037 1496.384 816.107 0.000
1038 1494.000 816.999 0.000
1039 1491.570 813.934 0.000
1040 1487.453 805.994 0.000
1041 1484.107 799.807 0.000
1042 1482.593 795.001 0.000
1043 1485.893 789.500 0.000
1044 1493.967 786.295 0.000
1045 1502.001 786.316 0.000
1046 1509.252 787.994 0.000
1047 1515.003 789.593 0.000
1048 1520.826 793.523 0.000
1049 1524.908 796.768 0.000
1050 1527.193 802.054 0.000
1051 1528.989 807.727 0.000
1052 1530.616 810.908 0.000
1053 1532.107 812.339 0.000
1054 1533.934 814.861 0.000
1055 1536.193 813.999 0.000
1056 1537.967 810.934 0.000
1057 1540.212 806.043 0.000
1058 1543.547 802.107 0.000
1059 1549.107 800.768 0.000
1060 1554.957 800.807 0.000
1061 1558.994 803.946 0.000
1062 1561.384 807.893 0.000
1063 1562.156 810.997 0.000
1064 1563.017 814.975 0.000
1065 1566.294 818.006 0.000
1066 1569.684 820.316 0.000
1067 1572.017 820.339 0.000
1068 1573.788 821.092 0.000
1069 1573.807 821.999 0.000
1070 1573.768 818.946 0.000
1071 1576.975 812.661 0.000
1072 1580.994 808.768 0.000
1073 1584.092 805.570 0.000
1074 1585.877 800.025 0.000
1075 1584.975 792.139 0.000
1076 1582.384 783.593 0.000
1077 1580.844 776.570 0.000
1078 1583.999 774.107 0.000
1079 1589.788 777.316 0.000
1080 1597.025 783.727 0.000
1081 1604.500 790.000 0.000
1082 1611.017 794.877 0.000
1083 1613.570 796.339 0.000
1084 1612.788 794.893 0.000
1085 1611.017 795.616 0.000
1086 1609.453 799.477 0.000
1087 1606.174 807.193 0.000
1088 1602.123 814.295 0.000
1089 1599.908 820.593 0.000
1090 1602.232 825.252 0.000
1091 1607.156 829.232 0.000
1092 1612.092 830.989 0.000
1093 1616.174 829.339 0.000
1094 1619.477 823.967 0.000
1095 1620.139 816.017 0.000
1096 1622.684 808.123 0.000
1097 1625.946 803.523 0.000
1098 1628.212 801.092 0.000
1099 1629.989 801.999 0.000
1100 1629.989 802.844 0.000
1101 1627.500 803.547 0.000
1102 1625.003 801.989 0.000
1103 1621.844 801.054 0.000
1104 1617.727 800.252 0.000
1105 1613.616 800.212 0.000
1106 1608.727 800.156 0.000
1107 1604.616 800.123 0.000
1108 1600.453 798.705 0.000
1109 1597.107 798.684 0.000
1110 1594.844 800.066 0.000
1111 1593.994 803.156 0.000
1112 1593.997 805.661 0.000
1113 1593.997 804.003 0.000
1114 1592.232 801.748 0.000
1115 1589.934 800.033 0.000
1116 1588.107 798.593 0.000
1117 1587.338 796.997 0.000
1118 1588.092 795.361 0.000
1119 1589.908 794.684 0.000
1120 1589.908 795.361 0.000
1121 1588.107 796.999 0.000
1122 1585.861 797.844 0.000
1123 1583.252 798.547 0.000
1124 1582.523 799.232 0.000
1125 1581.807 800.017 0.000
1126 1582.547 800.934 0.000
1127 1583.273 800.946 0.000
1128 1585.877 800.025 0.000
1129 1586.639 800.025 0.000
1130 1588.123 800.033 0.000
1131 1589.006 800.957 0.000
1132 1590.768 803.123 0.000
1133 1591.500 804.001 0.000
1134 1591.500 803.139 0.000
1135 1590.748 800.967 0.000
1136 1590.727 800.033 0.000
1137 1590.748 801.727 0.000
1138 1590.768 803.123 0.000
1139 1590.748 801.727 0.000
1140 1591.453 798.616 0.000
1141 1593.017 794.705 0.000
1142 1596.273 793.025 0.000
1143 1600.384 793.043 0.000
1144 1603.788 793.989 0.000
1145 1606.997 793.078 0.000
1146 1609.384 793.107 0.000
1147 1611.011 793.107 0.000
1148 1612.788 794.001 0.000
1149 1614.295 795.639 0.000
1150 1615.999 795.661 0.000
1151 1617.661 794.006 0.000
1152 1618.384 793.174 0.000
1153 1618.384 792.453 0.000
1154 1617.639 792.453 0.000
1155 1617.639 790.967 0.000
1156 1616.877 791.748 0.000
1157 1615.997 793.156 0.000
1158 1614.273 794.001 0.000
1159 1611.967 794.893 0.000
1160 1610.174 795.593 0.000
1161 1608.684 796.273 0.000
1162 1608.684 796.273 0.000
1163 1608.684 794.861 0.000
1164 1607.893 793.092 0.000
1165 1607.877 792.339 0.000
1166 1607.877 792.339 0.000
1167 1606.997 793.078 0.000
1168 1606.066 792.316 0.000
1169 1606.043 790.001 0.000
1170 1605.212 786.946 0.000
1171 1605.193 785.193 0.000
1172 1605.174 783.788 0.000
1173 1605.174 782.054 0.000
1174 1605.156 780.616 0.000
1175 1605.156 779.893 0.000
1176 1606.011 779.908 0.000
1177 1605.156 779.893 0.000
1178 1604.384 778.156 0.000
1179 1603.639 776.768 0.000
1180 1603.616 773.570 0.000
1181 1603.593 771.092 0.000
1182 1604.295 769.661 0.000
1183 1606.000 769.684 0.000
1184 1607.705 769.705 0.000
1185 1610.017 768.017 0.000
1186 1611.788 765.826 0.000
1187 1612.500 764.994 0.000
1188 1612.500 764.066 0.000
1189 1613.232 763.316 0.000
1190 1614.043 763.339 0.000
1191 1614.043 762.684 0.000
1192 1614.043 762.684 0.000
1193 1614.043 761.934 0.000
1194 1614.033 761.017 0.000
1195 1614.033 761.017 0.000
1196 1613.193 759.547 0.000
1197 1611.727 758.826 0.000
1198 1610.001 758.807 0.000
1199 1609.107 758.807 0.000
1200 1608.316 758.788 0.000
1201 1607.593 759.477 0.000
1202 1605.989 759.453 0.000
1203 1604.212 759.453 0.000
1204 1603.477 759.430 0.000
1205 1602.748 760.139 0.000
1206 1603.500 761.877 0.000
1207 1603.523 764.025 0.000
1208 1605.999 767.174 0.000
1209 1607.705 769.705 0.000
1210 1610.025 771.139 0.000
1211 1611.807 770.430 0.000
1212 1614.066 768.033 0.000
1213 1617.361 764.999 0.000
1214 1621.453 761.975 0.000
1215 1626.295 760.339 0.000
1216 1629.684 759.705 0.000
1217 1632.967 760.430 0.000
1218 1635.273 760.453 0.000
1219 1636.997 758.983 0.000
1220 1638.616 756.593 0.000
1221 1641.001 755.001 0.000
1222 1643.430 753.430 0.000
1223 1645.017 752.768 0.000
1224 1646.807 751.975 0.000
1225 1648.273 751.983 0.000
1226 1649.999 751.066 0.000
1227 1649.997 750.295 0.000
1228 1650.893 751.066 0.000
1229 1652.430 753.547 0.000
1230 1653.193 755.967 0.000
1231 1653.193 755.967 0.000
1232 1653.193 755.967 0.000
1233 1653.193 755.967 0.000
1234 1652.453 756.748 0.000
1235 1651.748 759.003 0.000
1236 1650.957 762.967 0.000
1237 1650.017 765.156 0.000
1238 1649.174 765.139 0.000
1239 1649.174 765.139 0.000
1240 1648.430 766.908 0.000
1241 1647.727 769.066 0.000
1242 1646.934 770.826 0.000
1243 1645.123 771.523 0.000
1244 1643.639 772.193 0.000
1245 1642.877 773.934 0.000
1246 1641.065 774.684 0.000
1247 1638.807 776.078 0.000
1248 1634.705 776.989 0.000
1249 1631.316 776.975 0.000
1250 1628.989 777.748 0.000
1251 1627.212 776.957 0.000
1252 1626.453 776.017 0.000
1253 1626.453 776.017 0.000


"STmap_Distort_track_3"
1
234
1020 1774.000 613.407 0.000
1021 1769.000 625.997 0.000
1022 1766.500 633.844 0.000
1023 1761.661 669.861 0.000
1024 1788.547 707.788 0.000
1025 1815.273 700.997 0.000
1026 1826.967 648.295 0.000
1027 1847.997 566.861 0.000
1028 1882.570 489.768 0.000
1029 1923.661 440.570 0.000
1030 1960.066 430.967 0.000
1031 1982.877 440.174 0.000
1032 1999.361 449.861 0.000
1033 2014.295 456.934 0.000
1034 2025.033 452.946 0.000
1035 2027.011 443.139 0.000
1036 2027.054 438.430 0.000
1037 2026.174 437.748 0.000
1038 2025.339 436.967 0.000
1039 2023.807 431.212 0.000
1040 2020.273 421.788 0.000
1041 2019.570 416.989 0.000
1042 2023.054 415.252 0.000
1043 2032.033 413.748 0.000
1044 2044.639 413.593 0.000
1045 2057.043 416.705 0.000
1046 2067.922 421.273 0.000
1047 2075.934 426.043 0.000
1048 2083.006 430.025 0.000
1049 2087.477 434.975 0.000
1050 2089.092 440.453 0.000
1051 2089.999 446.033 0.000
1052 2091.826 450.043 0.000
1053 2091.768 452.570 0.000
1054 2093.430 454.989 0.000
1055 2095.212 453.273 0.000
1056 2096.232 448.477 0.000
1057 2098.123 443.705 0.000
1058 2101.993 438.893 0.000
1059 2107.500 436.339 0.000
1060 2113.000 436.273 0.000
1061 2117.500 440.212 0.000
1062 2120.066 444.232 0.000
1063 2121.000 448.295 0.000
1064 2122.826 453.107 0.000
1065 2126.193 458.861 0.000
1066 2130.878 462.893 0.000
1067 2135.295 466.001 0.000
1068 2137.066 468.384 0.000
1069 2137.054 469.139 0.000
1070 2137.139 464.339 0.000
1071 2138.252 455.547 0.000
1072 2140.295 447.407 0.000
1073 2142.295 440.043 0.000
1074 2141.727 430.477 0.000
1075 2139.054 419.066 0.000
1076 2134.908 407.025 0.000
1077 2132.212 396.727 0.000
1078 2135.092 392.593 0.000
1079 2142.523 395.826 0.000
1080 2152.500 403.748 0.000
1081 2164.339 411.768 0.000
1082 2173.706 416.430 0.000
1083 2178.193 418.000 0.000
1084 2179.139 417.107 0.000
1085 2179.107 418.000 0.000
1086 2180.003 422.946 0.000
1087 2178.967 431.001 0.000
1088 2176.922 439.033 0.000
1089 2177.705 444.877 0.000
1090 2181.232 448.001 0.000
1091 2187.946 448.877 0.000
1092 2194.430 449.593 0.000
1093 2200.092 446.174 0.000
1094 2203.092 438.989 0.000
1095 2206.139 429.999 0.000
1096 2209.174 421.893 0.000
1097 2212.123 416.967 0.000
1098 2216.006 415.174 0.000
1099 2217.983 416.934 0.000
1100 2216.989 417.727 0.000
1101 2214.025 417.768 0.000
1102 2211.156 417.788 0.000
1103 2206.570 416.994 0.000
1104 2201.922 417.000 0.000
1105 2197.025 417.934 0.000
1106 2191.316 419.500 0.000
1107 2186.727 419.570 0.000
1108 2182.000 418.861 0.000
1109 2177.212 419.684 0.000
1110 2175.273 422.975 0.000
1111 2174.193 427.893 0.000
1112 2173.232 429.384 0.000
1113 2171.477 427.908 0.000
1114 2168.826 425.339 0.000
1115 2165.989 424.661 0.000
1116 2164.033 423.000 0.000
1117 2164.043 422.092 0.000
1118 2165.033 420.570 0.000
1119 2166.011 419.826 0.000
1120 2165.033 420.570 0.000
1121 2163.092 422.092 0.000
1122 2160.295 423.003 0.000
1123 2158.500 423.006 0.000
1124 2157.593 423.006 0.000
1125 2158.453 423.946 0.000
1126 2160.252 424.727 0.000
1127 2162.107 424.705 0.000
1128 2165.006 422.999 0.000
1129 2166.989 422.066 0.000
1130 2167.967 421.273 0.000
1131 2169.861 421.252 0.000
1132 2171.684 422.043 0.000
1133 2172.616 421.212 0.000
1134 2172.661 419.748 0.000
1135 2172.788 416.453 0.000
1136 2173.748 414.934 0.000
1137 2174.661 414.934 0.000
1138 2175.570 414.922 0.000
1139 2175.727 410.861 0.000
1140 2175.893 405.011 0.000
1141 2177.908 400.078 0.000
1142 2182.616 396.975 0.000
1143 2188.107 396.934 0.000
1144 2193.957 396.877 0.000
1145 2198.684 395.975 0.000
1146 2201.500 394.139 0.000
1147 2204.273 394.107 0.000
1148 2207.078 394.078 0.000
1149 2209.999 394.994 0.000
1150 2212.934 394.033 0.000
1151 2214.861 393.174 0.000
1152 2215.844 391.661 0.000
1153 2215.844 391.661 0.000
1154 2215.893 389.997 0.000
1155 2214.975 388.273 0.000
1156 2213.001 388.316 0.000
1157 2211.025 389.123 0.000
1158 2209.107 389.139 0.000
1159 2207.212 390.017 0.000
1160 2205.316 390.983 0.000
1161 2204.407 390.989 0.000
1162 2204.430 390.033 0.000
1163 2203.639 387.748 0.000
1164 2203.662 386.946 0.000
1165 2203.639 387.748 0.000
1166 2203.662 386.946 0.000
1167 2203.593 388.477 0.000
1168 2202.705 387.768 0.000
1169 2201.893 384.384 0.000
1170 2201.967 381.092 0.000
1171 2201.001 378.877 0.000
1172 2201.017 377.066 0.000
1173 2202.011 375.500 0.000
1174 2202.043 373.946 0.000
1175 2202.054 373.006 0.000
1176 2202.054 373.006 0.000
1177 2201.123 372.139 0.000
1178 2199.339 370.684 0.000
1179 2199.407 368.999 0.000
1180 2199.523 366.547 0.000
1181 2200.593 363.139 0.000
1182 2201.547 362.361 0.000
1183 2203.361 363.107 0.000
1184 2206.174 362.252 0.000
1185 2208.139 359.967 0.000
1186 2210.123 357.407 0.000
1187 2211.092 356.639 0.000
1188 2211.123 355.861 0.000
1189 2211.139 354.994 0.000
1190 2213.066 354.025 0.000
1191 2213.092 353.193 0.000
1192 2213.123 352.430 0.000
1193 2213.156 351.705 0.000
1194 2213.174 350.908 0.000
1195 2212.316 349.092 0.000
1196 2211.523 346.844 0.000
1197 2210.705 345.043 0.000
1198 2208.826 345.066 0.000
1199 2208.922 342.807 0.000
1200 2207.946 343.547 0.000
1201 2206.975 343.570 0.000
1202 2205.999 342.861 0.000
1203 2204.043 342.000 0.000
1204 2204.066 341.092 0.000
1205 2204.043 342.000 0.000
1206 2204.025 342.893 0.000
1207 2205.989 344.316 0.000
1208 2208.768 346.893 0.000
1209 2212.316 349.092 0.000
1210 2215.123 349.054 0.000
1211 2217.092 347.453 0.000
1212 2220.107 343.252 0.000
1213 2224.123 338.316 0.000
1214 2228.123 333.316 0.000
1215 2234.011 330.877 0.000
1216 2237.983 329.967 0.000
1217 2240.922 329.000 0.000
1218 2242.877 328.054 0.000
1219 2244.921 324.922 0.000
1220 2246.946 322.295 0.000
1221 2249.967 319.000 0.000
1222 2251.967 317.212 0.000
1223 2254.922 316.384 0.000
1224 2257.826 316.295 0.000
1225 2259.748 316.232 0.000
1226 2260.748 315.453 0.000
1227 2260.788 314.705 0.000
1228 2261.705 315.407 0.000
1229 2262.453 318.826 0.000
1230 2264.232 321.078 0.000
1231 2264.232 321.078 0.000
1232 2264.232 321.078 0.000
1233 2264.232 321.078 0.000
1234 2264.193 322.000 0.000
1235 2264.066 325.174 0.000
1236 2263.994 330.107 0.000
1237 2262.983 331.957 0.000
1238 2261.999 331.011 0.000
1239 2261.994 331.967 0.000
1240 2261.967 333.570 0.000
1241 2260.921 336.006 0.000
1242 2259.861 338.547 0.000
1243 2257.935 338.616 0.000
1244 2256.934 339.384 0.000
1245 2254.957 340.193 0.000
1246 2251.989 341.054 0.000
1247 2249.001 342.000 0.000
1248 2244.054 342.975 0.000
1249 2240.273 342.066 0.000
1250 2237.547 340.639 0.000
1251 2236.639 339.893 0.000
1252 2236.684 338.997 0.000
1253 2236.727 338.054 0.000


"STmap_Distort_track_4"
1
3
1051 692.983 835.877 0.000
1139 732.107 847.477 0.000
1235 768.025 804.768 0.000


"STmap_Distort_track_5"
1
227
1027 1731.844 851.212 0.000
1028 1765.921 787.844 0.000
1029 1818.107 744.212 0.000
1030 1854.384 739.232 0.000
1031 1880.006 757.043 0.000
1032 1899.001 774.975 0.000
1033 1915.616 788.826 0.000
1034 1926.946 792.079 0.000
1035 1929.316 787.384 0.000
1036 1927.639 783.339 0.000
1037 1926.844 784.997 0.000
1038 1925.011 787.252 0.000
1039 1924.066 784.043 0.000
1040 1919.807 776.033 0.000
1041 1917.011 771.174 0.000
1042 1916.078 768.946 0.000
1043 1919.662 767.252 0.000
1044 1928.156 767.500 0.000
1045 1937.893 769.193 0.000
1046 1945.768 774.139 0.000
1047 1951.908 777.593 0.000
1048 1957.994 781.684 0.000
1049 1962.295 784.989 0.000
1050 1964.078 789.877 0.000
1051 1965.054 795.384 0.000
1052 1966.989 797.957 0.000
1053 1966.997 799.453 0.000
1054 1969.661 801.033 0.000
1055 1970.453 800.273 0.000
1056 1972.066 796.361 0.000
1057 1974.768 790.922 0.000
1058 1978.043 786.967 0.000
1059 1984.107 783.922 0.000
1060 1990.252 783.066 0.000
1061 1994.908 786.477 0.000
1062 1996.727 790.570 0.000
1063 1997.661 794.639 0.000
1064 1998.593 798.705 0.000
1065 2002.078 802.768 0.000
1066 2004.967 805.999 0.000
1067 2007.639 808.453 0.000
1068 2008.547 810.983 0.000
1069 2008.570 811.807 0.000
1070 2009.295 807.788 0.000
1071 2011.946 799.861 0.000
1072 2016.078 792.705 0.000
1073 2019.684 787.025 0.000
1074 2021.193 779.033 0.000
1075 2020.139 769.430 0.000
1076 2017.361 758.107 0.000
1077 2015.523 749.252 0.000
1078 2019.001 745.316 0.000
1079 2026.078 747.994 0.000
1080 2034.193 755.295 0.000
1081 2043.232 764.295 0.000
1082 2051.453 770.107 0.000
1083 2054.123 773.500 0.000
1084 2054.123 772.768 0.000
1085 2053.252 773.477 0.000
1086 2053.361 778.232 0.000
1087 2050.946 787.017 0.000
1088 2047.384 795.957 0.000
1089 2046.748 803.006 0.000
1090 2049.430 807.078 0.000
1091 2055.921 810.639 0.000
1092 2062.078 812.361 0.000
1093 2067.547 810.989 0.000
1094 2070.043 805.273 0.000
1095 2072.705 796.593 0.000
1096 2074.232 789.232 0.000
1097 2077.934 783.844 0.000
1098 2081.430 782.123 0.000
1099 2082.339 783.011 0.000
1100 2082.361 783.957 0.000
1101 2079.768 784.661 0.000
1102 2076.983 782.975 0.000
1103 2073.174 782.000 0.000
1104 2068.844 781.017 0.000
1105 2064.174 781.861 0.000
1106 2059.877 782.430 0.000
1107 2054.295 781.523 0.000
1108 2049.934 780.639 0.000
1109 2046.156 780.500 0.000
1110 2043.661 782.934 0.000
1111 2042.877 786.946 0.000
1112 2042.921 789.193 0.000
1113 2041.967 786.934 0.000
1114 2040.011 784.316 0.000
1115 2037.295 781.967 0.000
1116 2035.593 781.003 0.000
1117 2034.705 779.407 0.000
1118 2036.361 778.768 0.000
1119 2037.193 777.033 0.000
1120 2037.193 777.975 0.000
1121 2035.547 779.430 0.000
1122 2033.861 780.107 0.000
1123 2032.000 780.994 0.000
1124 2030.123 780.975 0.000
1125 2031.043 781.826 0.000
1126 2032.003 783.295 0.000
1127 2033.922 784.123 0.000
1128 2035.662 783.430 0.000
1129 2038.174 782.807 0.000
1130 2039.066 782.826 0.000
1131 2040.994 783.639 0.000
1132 2042.844 784.407 0.000
1133 2044.570 785.193 0.000
1134 2045.384 784.500 0.000
1135 2044.477 782.011 0.000
1136 2045.273 780.477 0.000
1137 2045.316 782.017 0.000
1138 2046.212 782.975 0.000
1139 2047.066 780.547 0.000
1140 2047.997 775.861 0.000
1141 2049.788 771.877 0.000
1142 2054.066 769.453 0.000
1143 2059.593 769.639 0.000
1144 2064.017 771.252 0.000
1145 2067.768 771.384 0.000
1146 2071.174 770.788 0.000
1147 2073.017 771.570 0.000
1148 2075.922 773.139 0.000
1149 2078.616 774.043 0.000
1150 2080.361 774.999 0.000
1151 2083.043 774.156 0.000
1152 2084.003 773.430 0.000
1153 2084.989 773.477 0.000
1154 2084.989 773.477 0.000
1155 2084.975 771.946 0.000
1156 2084.000 771.934 0.000
1157 2083.033 773.407 0.000
1158 2081.232 774.092 0.000
1159 2079.500 774.994 0.000
1160 2078.662 775.844 0.000
1161 2077.788 776.547 0.000
1162 2077.788 776.547 0.000
1163 2077.788 775.807 0.000
1164 2077.748 774.025 0.000
1165 2077.748 774.025 0.000
1166 2077.768 774.975 0.000
1167 2076.893 776.500 0.000
1168 2076.877 775.768 0.000
1169 2075.922 773.139 0.000
1170 2075.877 770.000 0.000
1171 2075.826 767.616 0.000
1172 2075.807 766.861 0.000
1173 2075.788 765.054 0.000
1174 2075.748 763.547 0.000
1175 2075.727 762.826 0.000
1176 2075.727 762.826 0.000
1177 2075.727 762.826 0.000
1178 2074.807 761.043 0.000
1179 2073.877 759.523 0.000
1180 2073.844 757.025 0.000
1181 2074.684 754.768 0.000
1182 2074.661 753.957 0.000
1183 2076.407 753.983 0.000
1184 2079.066 753.999 0.000
1185 2081.946 752.407 0.000
1186 2082.826 750.003 0.000
1187 2083.705 749.156 0.000
1188 2084.547 748.430 0.000
1189 2084.547 747.727 0.000
1190 2086.273 747.768 0.000
1191 2086.252 746.967 0.000
1192 2086.252 746.017 0.000
1193 2087.139 746.025 0.000
1194 2087.123 745.193 0.000
1195 2086.212 744.430 0.000
1196 2085.316 742.908 0.000
1197 2084.407 741.107 0.000
1198 2082.661 741.066 0.000
1199 2082.661 740.295 0.000
1200 2081.788 741.054 0.000
1201 2080.893 741.033 0.000
1202 2079.967 741.025 0.000
1203 2078.011 741.006 0.000
1204 2077.066 741.003 0.000
1205 2077.066 741.003 0.000
1206 2078.025 742.727 0.000
1207 2079.001 744.193 0.000
1208 2081.893 747.616 0.000
1209 2084.593 750.017 0.000
1210 2087.232 751.861 0.000
1211 2089.043 751.000 0.000
1212 2091.908 747.922 0.000
1213 2095.339 743.946 0.000
1214 2099.946 739.078 0.000
1215 2104.361 736.946 0.000
1216 2108.997 736.066 0.000
1217 2111.807 736.123 0.000
1218 2114.453 736.193 0.000
1219 2116.174 733.967 0.000
1220 2118.017 731.500 0.000
1221 2120.893 729.054 0.000
1222 2123.523 727.616 0.000
1223 2125.273 726.893 0.000
1224 2127.078 726.934 0.000
1225 2129.000 726.967 0.000
1226 2129.975 726.025 0.000
1227 2129.967 724.453 0.000
1228 2130.921 725.212 0.000
1229 2132.788 727.877 0.000
1230 2133.748 730.139 0.000
1231 2133.768 731.006 0.000
1232 2133.768 731.006 0.000
1233 2133.768 731.006 0.000
1234 2133.768 731.946 0.000
1235 2133.826 735.033 0.000
1236 2132.957 739.054 0.000
1237 2131.999 741.500 0.000
1238 2131.006 741.453 0.000
1239 2131.006 741.453 0.000
1240 2131.017 743.025 0.000
1241 2130.092 745.500 0.000
1242 2129.232 747.983 0.000
1243 2128.361 748.788 0.000
1244 2127.477 748.768 0.000
1245 2125.748 750.174 0.000
1246 2124.861 751.011 0.000
1247 2122.003 751.893 0.000
1248 2118.316 752.523 0.000
1249 2114.788 751.684 0.000
1250 2112.946 751.616 0.000
1251 2111.001 750.807 0.000
1252 2111.000 749.975 0.000
1253 2111.000 749.975 0.000


"STmap_Distort_track_6"
1
230
1024 711.017 506.212 0.000
1025 726.547 513.523 0.000
1026 722.273 478.975 0.000
1027 722.684 422.661 0.000
1028 739.967 374.616 0.000
1029 765.123 357.174 0.000
1030 782.316 367.017 0.000
1031 792.252 385.639 0.000
1032 797.826 401.684 0.000
1033 802.092 412.025 0.000
1034 803.994 410.500 0.000
1035 797.826 400.922 0.000
1036 791.430 395.123 0.000
1037 786.011 393.593 0.000
1038 781.616 391.975 0.000
1039 777.011 385.384 0.000
1040 771.684 374.999 0.000
1041 769.877 366.033 0.000
1042 773.212 354.066 0.000
1043 781.212 343.908 0.000
1044 792.003 337.661 0.000
1045 804.477 333.877 0.000
1046 814.156 331.523 0.000
1047 822.174 331.705 0.000
1048 829.339 334.994 0.000
1049 832.997 340.661 0.000
1050 834.893 347.877 0.000
1051 837.500 354.123 0.000
1052 840.078 358.174 0.000
1053 842.934 361.384 0.000
1054 846.361 364.727 0.000
1055 847.193 364.748 0.000
1056 849.003 361.500 0.000
1057 850.877 358.339 0.000
1058 854.193 356.922 0.000
1059 859.547 356.975 0.000
1060 864.893 359.273 0.000
1061 869.092 362.547 0.000
1062 870.994 366.570 0.000
1063 871.934 370.570 0.000
1064 874.477 373.861 0.000
1065 879.826 375.361 0.000
1066 884.989 375.453 0.000
1067 890.054 373.983 0.000
1068 893.684 373.994 0.000
1069 893.661 373.066 0.000
1070 893.661 371.593 0.000
1071 893.639 369.092 0.000
1072 894.453 369.999 0.000
1073 895.273 370.000 0.000
1074 893.639 365.999 0.000
1075 890.025 360.361 0.000
1076 884.934 353.123 0.000
1077 881.273 349.092 0.000
1078 882.123 350.893 0.000
1079 888.232 354.934 0.000
1080 897.001 358.054 0.000
1081 905.807 362.054 0.000
1082 911.893 363.893 0.000
1083 913.523 361.407 0.000
1084 911.844 356.807 0.000
1085 909.078 356.768 0.000
1086 906.616 359.003 0.000
1087 902.174 363.788 0.000
1088 897.989 366.922 0.000
1089 894.453 370.877 0.000
1090 895.295 374.861 0.000
1091 898.934 378.877 0.000
1092 902.252 379.661 0.000
1093 905.877 376.453 0.000
1094 907.500 369.252 0.000
1095 908.252 361.339 0.000
1096 910.001 354.232 0.000
1097 912.616 349.593 0.000
1098 915.078 348.893 0.000
1099 916.967 348.908 0.000
1100 916.975 349.661 0.000
1101 914.232 349.616 0.000
1102 911.807 348.844 0.000
1103 908.156 347.983 0.000
1104 904.877 347.957 0.000
1105 900.407 347.922 0.000
1106 896.025 347.861 0.000
1107 891.826 346.043 0.000
1108 888.174 345.193 0.000
1109 884.877 345.139 0.000
1110 883.989 347.684 0.000
1111 883.994 350.908 0.000
1112 884.934 353.123 0.000
1113 883.997 352.361 0.000
1114 882.123 350.893 0.000
1115 879.639 348.316 0.000
1116 877.922 346.844 0.000
1117 877.922 345.066 0.000
1118 878.788 345.066 0.000
1119 879.616 345.078 0.000
1120 878.788 346.861 0.000
1121 876.025 347.547 0.000
1122 873.453 348.193 0.000
1123 869.997 348.156 0.000
1124 868.123 348.123 0.000
1125 868.123 348.123 0.000
1126 868.123 348.123 0.000
1127 869.025 347.407 0.000
1128 869.994 345.934 0.000
1129 870.922 345.946 0.000
1130 869.994 345.934 0.000
1131 869.997 347.430 0.000
1132 870.946 349.934 0.000
1133 869.999 349.934 0.000
1134 868.123 348.123 0.000
1135 865.616 345.877 0.000
1136 864.788 344.999 0.000
1137 862.994 345.844 0.000
1138 861.139 348.043 0.000
1139 859.453 346.523 0.000
1140 857.788 344.025 0.000
1141 858.570 340.997 0.000
1142 861.066 338.661 0.000
1143 864.727 338.727 0.000
1144 868.054 337.975 0.000
1145 869.957 335.547 0.000
1146 870.844 334.844 0.000
1147 871.661 333.994 0.000
1148 872.477 333.997 0.000
1149 873.295 333.999 0.000
1150 875.025 331.661 0.000
1151 875.994 329.123 0.000
1152 875.989 327.684 0.000
1153 875.983 326.003 0.000
1154 875.003 324.430 0.000
1155 873.174 323.705 0.000
1156 871.547 325.092 0.000
1157 869.893 325.994 0.000
1158 866.212 326.768 0.000
1159 863.748 326.705 0.000
1160 861.983 326.684 0.000
1161 860.078 326.639 0.000
1162 860.078 325.908 0.000
1163 859.193 324.123 0.000
1164 858.316 321.934 0.000
1165 858.295 320.139 0.000
1166 858.295 319.407 0.000
1167 858.273 318.705 0.000
1168 857.430 317.001 0.000
1169 856.593 314.661 0.000
1170 855.727 312.092 0.000
1171 855.705 310.616 0.000
1172 855.661 308.999 0.000
1173 855.639 307.316 0.000
1174 855.616 305.861 0.000
1175 855.593 304.092 0.000
1176 855.593 304.092 0.000
1177 854.768 304.078 0.000
1178 852.983 302.616 0.000
1179 852.967 300.092 0.000
1180 853.807 296.999 0.000
1181 853.748 293.877 0.000
1182 855.339 291.361 0.000
1183 857.054 291.407 0.000
1184 859.861 291.453 0.000
1185 861.500 289.975 0.000
1186 862.295 288.232 0.000
1187 862.252 286.807 0.000
1188 862.232 285.989 0.000
1189 863.107 285.994 0.000
1190 863.092 285.066 0.000
1191 864.006 284.339 0.000
1192 863.078 284.316 0.000
1193 863.066 283.639 0.000
1194 862.193 282.861 0.000
1195 861.339 282.844 0.000
1196 859.705 281.983 0.000
1197 857.000 281.011 0.000
1198 855.139 280.123 0.000
1199 853.453 279.339 0.000
1200 851.807 280.066 0.000
1201 849.994 280.043 0.000
1202 847.212 280.017 0.000
1203 844.705 280.001 0.000
1204 842.946 279.999 0.000
1205 841.043 281.593 0.000
1206 840.156 283.066 0.000
1207 841.078 284.861 0.000
1208 842.025 287.054 0.000
1209 844.877 289.639 0.000
1210 845.748 289.661 0.000
1211 847.384 288.934 0.000
1212 849.078 287.174 0.000
1213 851.908 285.844 0.000
1214 855.212 284.139 0.000
1215 858.877 283.523 0.000
1216 862.193 283.616 0.000
1217 864.983 284.361 0.000
1218 866.748 284.407 0.000
1219 867.570 283.748 0.000
1220 868.339 282.017 0.000
1221 870.043 280.500 0.000
1222 872.807 278.989 0.000
1223 875.273 278.092 0.000
1224 877.017 277.384 0.000
1225 878.922 277.430 0.000
1226 879.768 275.946 0.000
1227 879.768 275.946 0.000
1228 881.430 277.500 0.000
1229 882.295 279.983 0.000
1230 883.156 281.570 0.000
1231 884.033 280.861 0.000
1232 883.123 279.989 0.000
1233 883.123 279.989 0.000
1234 882.316 281.547 0.000
1235 880.748 283.975 0.000
1236 879.922 286.156 0.000
1237 878.999 287.908 0.000
1238 877.123 286.999 0.000
1239 877.139 287.877 0.000
1240 876.295 288.593 0.000
1241 875.523 290.066 0.000
1242 873.877 291.807 0.000
1243 871.066 291.748 0.000
1244 869.361 292.430 0.000
1245 866.908 294.000 0.000
1246 864.107 295.593 0.000
1247 859.946 297.967 0.000
1248 854.684 299.361 0.000
1249 850.139 299.273 0.000
1250 846.768 299.174 0.000
1251 844.983 299.139 0.000
1252 843.054 298.361 0.000
1253 842.139 297.616 0.000


"STmap_Distort_track_7"
1
253
1001 2169.989 727.006 0.000
1002 2172.788 723.946 0.000
1003 2175.476 721.547 0.000
1004 2179.123 720.000 0.000
1005 2182.994 719.193 0.000
1006 2187.684 716.989 0.000
1007 2191.252 710.500 0.000
1008 2189.156 695.934 0.000
1009 2180.570 664.957 0.000
1010 2164.500 611.123 0.000
1011 2142.547 549.922 0.000
1012 2112.011 487.001 0.000
1013 2068.684 426.078 0.000
1014 2004.684 376.273 0.000
1015 1947.174 341.025 0.000
1016 1895.066 304.212 0.000
1017 1865.003 300.000 0.000
1018 1845.593 375.477 0.000
1019 1810.430 486.661 0.000
1020 1775.826 543.000 0.000
1021 1767.295 551.639 0.000
1022 1765.727 564.033 0.000
1023 1764.893 599.232 0.000
1024 1791.593 633.054 0.000
1025 1820.033 620.908 0.000
1026 1831.043 559.661 0.000
1027 1845.033 479.430 0.000
1028 1877.727 400.477 0.000
1029 1920.007 351.844 0.000
1030 1949.957 341.011 0.000
1031 1969.957 349.570 0.000
1032 1985.683 356.593 0.000
1033 2000.593 361.983 0.000
1034 2009.616 356.174 0.000
1035 2011.705 344.997 0.000
1036 2011.893 339.361 0.000
1037 2010.997 337.908 0.000
1038 2010.043 336.123 0.000
1039 2008.547 329.893 0.000
1040 2005.156 320.156 0.000
1041 2005.339 315.384 0.000
1042 2009.967 313.826 0.000
1043 2019.844 311.054 0.000
1044 2033.043 310.983 0.000
1045 2046.361 313.989 0.000
1046 2058.001 317.877 0.000
1047 2066.975 322.477 0.000
1048 2074.967 327.054 0.000
1049 2078.316 331.989 0.000
1050 2080.000 338.339 0.000
1051 2080.807 344.893 0.000
1052 2082.407 348.000 0.000
1053 2083.156 351.139 0.000
1054 2085.000 353.705 0.000
1055 2085.997 352.000 0.000
1056 2087.001 347.043 0.000
1057 2089.000 342.174 0.000
1058 2092.893 337.316 0.000
1059 2098.295 334.946 0.000
1060 2103.908 335.616 0.000
1061 2108.232 338.844 0.000
1062 2109.999 343.547 0.000
1063 2110.877 347.616 0.000
1064 2112.430 352.384 0.000
1065 2116.957 358.006 0.000
1066 2122.139 362.861 0.000
1067 2126.807 365.994 0.000
1068 2128.477 368.295 0.000
1069 2128.453 369.078 0.000
1070 2128.661 364.212 0.000
1071 2129.922 354.639 0.000
1072 2131.001 346.430 0.000
1073 2132.092 339.078 0.000
1074 2130.727 329.384 0.000
1075 2127.316 318.066 0.000
1076 2123.156 305.092 0.000
1077 2119.997 294.807 0.000
1078 2122.946 291.339 0.000
1079 2130.025 294.523 0.000
1080 2140.989 302.407 0.000
1081 2152.826 309.477 0.000
1082 2161.957 314.123 0.000
1083 2166.500 315.861 0.000
1084 2168.407 314.025 0.000
1085 2168.407 314.025 0.000
1086 2170.054 318.997 0.000
1087 2168.967 327.025 0.000
1088 2167.768 334.477 0.000
1089 2168.407 340.092 0.000
1090 2172.025 342.547 0.000
1091 2178.705 343.139 0.000
1092 2185.107 343.043 0.000
1093 2190.003 339.908 0.000
1094 2194.033 331.570 0.000
1095 2196.252 322.570 0.000
1096 2199.477 314.193 0.000
1097 2203.500 308.407 0.000
1098 2207.253 307.570 0.000
1099 2208.139 308.273 0.000
1100 2208.079 309.999 0.000
1101 2205.212 310.957 0.000
1102 2201.570 310.043 0.000
1103 2196.934 309.361 0.000
1104 2192.033 309.500 0.000
1105 2187.273 310.384 0.000
1106 2181.705 312.092 0.000
1107 2176.994 312.193 0.000
1108 2172.174 312.316 0.000
1109 2167.547 313.193 0.000
1110 2165.500 317.384 0.000
1111 2164.384 321.547 0.000
1112 2163.384 323.078 0.000
1113 2161.639 321.616 0.000
1114 2158.957 319.092 0.000
1115 2156.033 318.384 0.000
1116 2154.193 317.705 0.000
1117 2154.273 316.000 0.000
1118 2155.232 315.078 0.000
1119 2155.273 314.273 0.000
1120 2154.316 315.092 0.000
1121 2152.430 316.946 0.000
1122 2150.662 316.967 0.000
1123 2147.908 316.994 0.000
1124 2146.967 316.997 0.000
1125 2147.877 317.861 0.000
1126 2149.661 318.570 0.000
1127 2151.500 317.768 0.000
1128 2154.273 316.000 0.000
1129 2156.139 315.066 0.000
1130 2157.107 314.232 0.000
1131 2159.011 314.193 0.000
1132 2160.989 314.139 0.000
1133 2161.975 313.361 0.000
1134 2162.000 310.989 0.000
1135 2162.043 307.748 0.000
1136 2163.043 306.001 0.000
1137 2163.043 306.001 0.000
1138 2164.025 305.078 0.000
1139 2164.174 301.054 0.000
1140 2164.477 295.361 0.000
1141 2166.639 289.661 0.000
1142 2171.361 287.006 0.000
1143 2177.011 286.043 0.000
1144 2182.788 285.999 0.000
1145 2187.476 284.174 0.000
1146 2190.338 282.593 0.000
1147 2193.174 281.748 0.000
1148 2196.017 282.407 0.000
1149 2197.997 282.339 0.000
1150 2200.934 281.500 0.000
1151 2203.861 279.861 0.000
1152 2204.877 278.025 0.000
1153 2204.908 277.174 0.000
1154 2203.989 275.705 0.000
1155 2203.011 274.001 0.000
1156 2201.078 274.011 0.000
1157 2199.193 274.033 0.000
1158 2196.407 274.092 0.000
1159 2194.500 275.011 0.000
1160 2192.616 275.983 0.000
1161 2191.684 275.994 0.000
1162 2191.788 274.212 0.000
1163 2190.922 272.748 0.000
1164 2190.967 271.003 0.000
1165 2190.967 271.003 0.000
1166 2190.946 271.946 0.000
1167 2190.946 271.946 0.000
1168 2189.994 271.006 0.000
1169 2189.054 267.877 0.000
1170 2188.273 264.547 0.000
1171 2188.453 262.033 0.000
1172 2188.500 261.193 0.000
1173 2188.661 258.893 0.000
1174 2188.727 257.997 0.000
1175 2188.826 256.252 0.000
1176 2188.826 256.252 0.000
1177 2187.908 255.523 0.000
1178 2186.001 253.983 0.000
1179 2186.043 251.407 0.000
1180 2186.139 248.997 0.000
1181 2187.212 246.500 0.000
1182 2188.252 244.946 0.000
1183 2190.092 245.661 0.000
1184 2193.017 244.807 0.000
1185 2196.000 242.999 0.000
1186 2197.033 239.727 0.000
1187 2198.025 238.893 0.000
1188 2198.054 237.997 0.000
1189 2199.043 237.033 0.000
1190 2200.043 236.174 0.000
1191 2200.066 235.407 0.000
1192 2200.107 234.639 0.000
1193 2200.139 233.861 0.000
1194 2200.252 232.033 0.000
1195 2199.430 230.477 0.000
1196 2198.705 228.017 0.000
1197 2196.922 226.500 0.000
1198 2195.957 226.547 0.000
1199 2194.997 225.807 0.000
1200 2194.011 224.983 0.000
1201 2194.011 224.983 0.000
1202 2192.107 224.066 0.000
1203 2191.273 222.547 0.000
1204 2190.338 222.570 0.000
1205 2190.338 222.570 0.000
1206 2191.212 223.295 0.000
1207 2193.033 224.994 0.000
1208 2195.921 227.273 0.000
1209 2199.570 228.946 0.000
1210 2202.338 228.877 0.000
1211 2204.317 227.025 0.000
1212 2206.477 222.967 0.000
1213 2210.639 216.997 0.000
1214 2215.661 211.922 0.000
1215 2219.616 209.107 0.000
1216 2224.384 208.139 0.000
1217 2227.295 207.252 0.000
1218 2229.252 206.407 0.000
1219 2231.407 203.011 0.000
1220 2232.616 199.768 0.000
1221 2235.661 197.025 0.000
1222 2238.616 195.232 0.000
1223 2241.523 194.316 0.000
1224 2243.407 194.232 0.000
1225 2246.273 194.107 0.000
1226 2247.295 193.273 0.000
1227 2247.361 192.500 0.000
1228 2248.252 193.232 0.000
1229 2249.033 196.684 0.000
1230 2249.989 199.025 0.000
1231 2250.975 199.011 0.000
1232 2250.994 198.139 0.000
1233 2250.994 198.139 0.000
1234 2250.946 199.975 0.000
1235 2250.748 203.156 0.000
1236 2249.361 208.139 0.000
1237 2249.232 209.967 0.000
1238 2248.339 209.017 0.000
1239 2248.339 209.017 0.000
1240 2248.212 210.844 0.000
1241 2247.092 213.212 0.000
1242 2246.025 215.922 0.000
1243 2244.054 215.967 0.000
1244 2242.078 216.877 0.000
1245 2240.123 217.768 0.000
1246 2238.212 217.844 0.000
1247 2234.295 219.547 0.000
1248 2229.593 219.768 0.000
1249 2225.861 218.999 0.000
1250 2222.983 218.139 0.000
1251 2221.025 216.684 0.000
1252 2221.092 214.997 0.000
1253 2221.139 214.054 0.000


"STmap_Distort_track_8"
1
2
1051 783.934 98.123 0.000
1139 791.175 99.999 0.000


"STmap_Distort_track_9"
1
253
1001 1244.316 898.547 0.000
1002 1247.788 897.768 0.000
1003 1251.975 892.975 0.000
1004 1256.946 892.017 0.000
1005 1260.999 892.003 0.000
1006 1263.477 890.407 0.000
1007 1266.001 884.934 0.000
1008 1265.273 870.727 0.000
1009 1258.361 824.043 0.000
1010 1244.017 773.066 0.000
1011 1224.893 719.092 0.000
1012 1204.788 664.523 0.000
1013 1164.054 598.156 0.000
1014 1102.339 544.547 0.000
1015 1029.989 499.043 0.000
1016 963.193 448.807 0.000
1017 913.684 423.999 0.000
1018 872.748 457.908 0.000
1019 816.273 536.593 0.000
1020 760.066 615.500 0.000
1021 738.011 651.212 0.000
1022 720.861 650.826 0.000
1023 702.957 666.407 0.000
1024 713.768 701.123 0.000
1025 734.174 712.994 0.000
1026 741.844 679.639 0.000
1027 746.934 632.639 0.000
1028 771.684 588.025 0.000
1029 806.934 571.844 0.000
1030 831.453 581.123 0.000
1031 845.107 603.453 0.000
1032 852.861 622.593 0.000
1033 859.570 636.003 0.000
1034 863.003 638.361 0.000
1035 859.705 632.003 0.000
1036 853.593 627.232 0.000
1037 848.174 626.616 0.000
1038 843.921 626.684 0.000
1039 840.339 621.967 0.000
1040 835.193 612.232 0.000
1041 831.975 604.339 0.000
1042 833.000 593.994 0.000
1043 838.477 584.316 0.000
1044 847.407 577.975 0.000
1045 858.043 573.003 0.000
1046 866.025 571.339 0.000
1047 873.054 571.295 0.000
1048 879.193 573.788 0.000
1049 883.570 579.174 0.000
1050 885.079 585.705 0.000
1051 887.748 591.994 0.000
1052 890.139 595.033 0.000
1053 891.989 597.477 0.000
1054 894.500 599.946 0.000
1055 896.139 599.934 0.000
1056 898.001 597.407 0.000
1057 900.748 594.139 0.000
1058 904.092 591.934 0.000
1059 910.156 591.893 0.000
1060 915.384 593.252 0.000
1061 919.768 596.477 0.000
1062 921.295 599.727 0.000
1063 922.066 603.684 0.000
1064 923.922 606.908 0.000
1065 928.043 608.252 0.000
1066 932.430 608.212 0.000
1067 936.893 606.788 0.000
1068 939.361 605.967 0.000
1069 940.174 605.957 0.000
1070 940.232 603.500 0.000
1071 942.017 601.025 0.000
1072 944.727 601.017 0.000
1073 946.316 601.946 0.000
1074 946.384 598.748 0.000
1075 943.975 593.054 0.000
1076 940.593 586.957 0.000
1077 938.006 582.043 0.000
1078 939.844 583.788 0.000
1079 945.807 587.705 0.000
1080 952.570 591.523 0.000
1081 961.033 595.339 0.000
1082 967.025 597.826 0.000
1083 967.997 596.054 0.000
1084 966.232 592.107 0.000
1085 963.844 592.123 0.000
1086 961.033 595.339 0.000
1087 956.807 600.999 0.000
1088 951.477 605.000 0.000
1089 947.997 608.994 0.000
1090 948.844 614.477 0.000
1091 952.999 618.384 0.000
1092 957.174 620.861 0.000
1093 959.967 618.295 0.000
1094 962.616 611.999 0.000
1095 963.616 604.033 0.000
1096 965.361 596.994 0.000
1097 968.003 592.092 0.000
1098 971.430 590.684 0.000
1099 972.212 591.339 0.000
1100 972.212 591.339 0.000
1101 970.639 591.361 0.000
1102 968.006 590.705 0.000
1103 964.705 589.967 0.000
1104 961.092 589.975 0.000
1105 956.967 589.066 0.000
1106 952.639 589.092 0.000
1107 948.212 587.684 0.000
1108 944.001 586.011 0.000
1109 941.384 586.957 0.000
1110 939.768 587.748 0.000
1111 939.705 590.921 0.000
1112 939.661 593.078 0.000
1113 939.661 592.316 0.000
1114 937.983 590.011 0.000
1115 936.123 588.500 0.000
1116 934.547 586.043 0.000
1117 934.593 584.547 0.000
1118 935.407 583.826 0.000
1119 936.212 583.807 0.000
1120 936.174 585.232 0.000
1121 933.727 586.983 0.000
1122 931.011 586.989 0.000
1123 928.430 587.844 0.000
1124 926.826 587.861 0.000
1125 925.946 588.593 0.000
1126 926.807 588.593 0.000
1127 927.616 588.570 0.000
1128 928.453 586.994 0.000
1129 929.273 586.994 0.000
1130 929.273 586.994 0.000
1131 930.078 589.252 0.000
1132 931.000 590.957 0.000
1133 931.000 591.727 0.000
1134 929.193 590.967 0.000
1135 927.616 589.273 0.000
1136 926.807 588.593 0.000
1137 924.997 590.054 0.000
1138 924.011 592.477 0.000
1139 923.123 591.788 0.000
1140 922.339 589.316 0.000
1141 923.212 586.092 0.000
1142 925.983 584.616 0.000
1143 929.316 584.593 0.000
1144 932.922 584.570 0.000
1145 935.407 582.989 0.000
1146 937.092 582.043 0.000
1147 938.006 582.043 0.000
1148 938.967 582.983 0.000
1149 939.844 582.975 0.000
1150 941.500 581.232 0.000
1151 942.338 578.983 0.000
1152 943.193 577.252 0.000
1153 943.212 575.826 0.000
1154 942.430 574.994 0.000
1155 941.639 574.994 0.000
1156 939.946 575.861 0.000
1157 938.997 577.295 0.000
1158 936.316 578.066 0.000
1159 933.877 578.078 0.000
1160 932.006 578.999 0.000
1161 930.232 579.000 0.000
1162 930.252 578.107 0.000
1163 929.477 576.661 0.000
1164 929.547 574.123 0.000
1165 929.547 573.384 0.000
1166 929.570 572.705 0.000
1167 928.788 571.934 0.000
1168 928.807 570.193 0.000
1169 927.957 568.826 0.000
1170 927.011 565.593 0.000
1171 927.017 563.999 0.000
1172 927.025 563.092 0.000
1173 927.033 560.893 0.000
1174 927.054 559.123 0.000
1175 927.054 558.384 0.000
1176 927.054 558.384 0.000
1177 926.193 558.384 0.000
1178 925.407 556.922 0.000
1179 924.661 554.430 0.000
1180 925.524 551.252 0.000
1181 926.361 548.078 0.000
1182 927.212 546.616 0.000
1183 928.078 545.877 0.000
1184 930.844 545.861 0.000
1185 933.295 544.997 0.000
1186 934.139 543.316 0.000
1187 935.033 541.877 0.000
1188 935.043 541.000 0.000
1189 935.054 540.107 0.000
1190 936.000 540.107 0.000
1191 936.000 539.361 0.000
1192 936.000 539.361 0.000
1193 936.001 538.661 0.000
1194 935.066 538.661 0.000
1195 935.066 538.661 0.000
1196 933.407 537.921 0.000
1197 930.946 537.003 0.000
1198 929.054 536.156 0.000
1199 928.193 536.156 0.000
1200 926.570 536.156 0.000
1201 924.922 537.006 0.000
1202 923.025 537.011 0.000
1203 920.500 537.946 0.000
1204 918.877 537.946 0.000
1205 917.967 539.430 0.000
1206 917.001 541.006 0.000
1207 916.999 543.407 0.000
1208 918.748 545.908 0.000
1209 920.316 548.092 0.000
1210 922.025 548.999 0.000
1211 922.994 548.999 0.000
1212 925.593 547.316 0.000
1213 928.078 545.877 0.000
1214 932.500 544.079 0.000
1215 936.921 543.316 0.000
1216 940.174 543.295 0.000
1217 942.934 544.054 0.000
1218 944.593 544.054 0.000
1219 945.384 543.273 0.000
1220 947.066 542.570 0.000
1221 948.967 540.994 0.000
1222 951.500 539.295 0.000
1223 953.123 538.593 0.000
1224 955.908 537.861 0.000
1225 957.547 537.861 0.000
1226 958.361 536.997 0.000
1227 958.361 536.078 0.000
1228 959.156 537.861 0.000
1229 960.994 539.273 0.000
1230 961.893 541.788 0.000
1231 961.893 540.983 0.000
1232 961.908 540.043 0.000
1233 961.908 540.043 0.000
1234 960.989 540.983 0.000
1235 960.006 544.025 0.000
1236 958.212 546.453 0.000
1237 957.384 548.011 0.000
1238 956.593 547.193 0.000
1239 955.788 548.017 0.000
1240 955.768 548.946 0.000
1241 953.994 550.430 0.000
1242 953.011 552.000 0.000
1243 951.273 552.877 0.000
1244 949.661 553.593 0.000
1245 947.957 555.066 0.000
1246 945.174 556.844 0.000
1247 941.908 558.295 0.000
1248 937.477 559.997 0.000
1249 933.078 559.999 0.000
1250 930.593 560.877 0.000
1251 927.999 560.893 0.000
1252 927.033 560.893 0.000
1253 926.174 560.001 0.000


"STmap_Distort_track_10"
1
253
1001 1562.616 860.477 0.000
1002 1568.156 856.661 0.000
1003 1570.768 854.193 0.000
1004 1574.844 852.807 0.000
1005 1579.705 852.826 0.000
1006 1583.788 851.092 0.000
1007 1586.033 845.748 0.000
1008 1585.092 832.232 0.000
1009 1576.003 803.066 0.000
1010 1545.807 749.844 0.000
1011 1508.139 694.123 0.000
1012 1466.989 637.295 0.000
1013 1421.844 580.705 0.000
1014 1374.997 524.893 0.000
1015 1328.997 470.500 0.000
1016 1285.139 419.066 0.000
1017 1242.123 401.997 0.000
1018 1207.092 450.079 0.000
1019 1161.054 546.861 0.000
1020 1116.861 617.174 0.000
1021 1102.339 639.252 0.000
1022 1091.547 642.593 0.000
1023 1077.011 663.975 0.000
1024 1092.430 698.339 0.000
1025 1114.017 704.430 0.000
1026 1121.193 661.994 0.000
1027 1128.500 603.975 0.000
1028 1152.946 549.983 0.000
1029 1186.727 520.999 0.000
1030 1210.273 523.232 0.000
1031 1225.000 541.092 0.000
1032 1234.844 557.523 0.000
1033 1242.967 569.092 0.000
1034 1246.999 569.092 0.000
1035 1244.570 561.361 0.000
1036 1240.477 555.989 0.000
1037 1236.338 555.989 0.000
1038 1233.043 555.078 0.000
1039 1230.768 550.593 0.000
1040 1225.908 540.361 0.000
1041 1223.339 533.316 0.000
1042 1224.123 526.384 0.000
1043 1230.861 518.661 0.000
1044 1240.616 514.788 0.000
1045 1251.092 512.361 0.000
1046 1260.033 513.078 0.000
1047 1267.361 514.788 0.000
1048 1273.017 517.908 0.000
1049 1277.989 522.500 0.000
1050 1279.570 528.826 0.000
1051 1281.997 534.967 0.000
1052 1284.339 538.893 0.000
1053 1286.000 541.054 0.000
1054 1288.384 543.453 0.000
1055 1290.006 543.453 0.000
1056 1291.748 539.616 0.000
1057 1293.212 535.748 0.000
1058 1297.273 533.252 0.000
1059 1303.001 531.877 0.000
1060 1307.957 533.232 0.000
1061 1311.983 536.407 0.000
1062 1313.547 540.252 0.000
1063 1314.273 544.139 0.000
1064 1316.861 548.043 0.000
1065 1320.001 551.123 0.000
1066 1324.957 551.999 0.000
1067 1328.989 551.997 0.000
1068 1330.570 552.826 0.000
1069 1331.295 552.826 0.000
1070 1331.295 549.748 0.000
1071 1333.000 545.000 0.000
1072 1335.384 542.727 0.000
1073 1337.006 540.232 0.000
1074 1336.139 535.705 0.000
1075 1333.908 527.983 0.000
1076 1330.616 519.295 0.000
1077 1328.066 513.066 0.000
1078 1329.877 512.339 0.000
1079 1335.407 516.139 0.000
1080 1343.523 520.975 0.000
1081 1352.339 526.295 0.000
1082 1358.006 530.139 0.000
1083 1360.453 529.453 0.000
1084 1359.727 527.054 0.000
1085 1358.006 527.054 0.000
1086 1356.384 530.139 0.000
1087 1353.092 536.384 0.000
1088 1349.066 541.957 0.000
1089 1346.807 547.252 0.000
1090 1348.273 551.107 0.000
1091 1352.316 554.174 0.000
1092 1357.123 556.639 0.000
1093 1360.430 553.477 0.000
1094 1362.957 547.252 0.000
1095 1364.500 538.844 0.000
1096 1366.033 530.999 0.000
1097 1369.252 526.295 0.000
1098 1371.844 524.893 0.000
1099 1373.295 525.616 0.000
1100 1372.570 526.295 0.000
1101 1370.989 526.295 0.000
1102 1368.547 525.616 0.000
1103 1364.500 524.908 0.000
1104 1361.193 524.908 0.000
1105 1357.139 524.908 0.000
1106 1352.339 524.908 0.000
1107 1348.295 524.003 0.000
1108 1344.252 523.156 0.000
1109 1341.025 523.156 0.000
1110 1338.748 525.639 0.000
1111 1338.748 528.788 0.000
1112 1338.748 531.000 0.000
1113 1337.946 530.139 0.000
1114 1336.156 527.983 0.000
1115 1333.908 526.316 0.000
1116 1332.107 524.908 0.000
1117 1332.107 523.156 0.000
1118 1333.001 522.453 0.000
1119 1333.922 522.453 0.000
1120 1333.001 523.156 0.000
1121 1330.616 524.908 0.000
1122 1328.054 524.908 0.000
1123 1325.807 525.639 0.000
1124 1324.025 525.639 0.000
1125 1324.025 526.316 0.000
1126 1324.975 526.316 0.000
1127 1325.807 526.316 0.000
1128 1327.252 524.908 0.000
1129 1328.054 524.908 0.000
1130 1328.054 524.908 0.000
1131 1328.994 525.639 0.000
1132 1329.861 527.066 0.000
1133 1330.616 527.989 0.000
1134 1328.993 526.316 0.000
1135 1328.054 524.003 0.000
1136 1327.273 523.156 0.000
1137 1326.547 524.003 0.000
1138 1326.547 525.639 0.000
1139 1325.807 524.003 0.000
1140 1324.975 520.983 0.000
1141 1325.807 517.001 0.000
1142 1328.997 514.768 0.000
1143 1332.107 514.768 0.000
1144 1336.156 514.768 0.000
1145 1338.748 513.066 0.000
1146 1340.212 512.339 0.000
1147 1341.975 512.339 0.000
1148 1342.807 513.066 0.000
1149 1344.252 513.066 0.000
1150 1345.989 511.684 0.000
1151 1346.844 510.025 0.000
1152 1347.593 508.547 0.000
1153 1346.844 507.844 0.000
1154 1345.989 506.997 0.000
1155 1345.054 505.361 0.000
1156 1343.523 506.092 0.000
1157 1341.975 506.997 0.000
1158 1339.477 507.844 0.000
1159 1337.011 508.547 0.000
1160 1334.705 509.232 0.000
1161 1333.922 509.232 0.000
1162 1333.001 508.547 0.000
1163 1332.107 506.997 0.000
1164 1332.123 504.705 0.000
1165 1332.123 503.946 0.000
1166 1331.361 503.946 0.000
1167 1330.639 503.946 0.000
1168 1330.639 502.212 0.000
1169 1329.877 499.994 0.000
1170 1328.997 496.934 0.000
1171 1328.066 495.232 0.000
1172 1328.066 493.893 0.000
1173 1328.997 492.156 0.000
1174 1328.997 490.768 0.000
1175 1328.997 489.043 0.000
1176 1328.066 489.043 0.000
1177 1327.295 489.043 0.000
1178 1326.570 487.616 0.000
1179 1325.826 485.139 0.000
1180 1326.570 482.967 0.000
1181 1326.570 479.877 0.000
1182 1327.295 477.407 0.000
1183 1328.997 477.407 0.000
1184 1331.361 477.407 0.000
1185 1333.934 475.967 0.000
1186 1334.705 474.295 0.000
1187 1335.430 472.922 0.000
1188 1335.430 472.011 0.000
1189 1335.430 471.193 0.000
1190 1336.174 471.193 0.000
1191 1337.011 470.523 0.000
1192 1336.174 469.826 0.000
1193 1336.174 469.826 0.000
1194 1336.174 468.994 0.000
1195 1335.430 468.078 0.000
1196 1333.934 466.661 0.000
1197 1332.123 465.922 0.000
1198 1330.639 465.922 0.000
1199 1328.997 465.011 0.000
1200 1328.066 465.006 0.000
1201 1326.570 465.921 0.000
1202 1324.983 465.922 0.000
1203 1323.212 465.006 0.000
1204 1321.768 465.922 0.000
1205 1320.957 466.661 0.000
1206 1320.957 468.066 0.000
1207 1321.768 470.500 0.000
1208 1323.212 472.922 0.000
1209 1324.983 475.033 0.000
1210 1326.570 475.967 0.000
1211 1328.078 475.033 0.000
1212 1330.639 472.922 0.000
1213 1333.934 469.826 0.000
1214 1337.957 466.661 0.000
1215 1341.975 465.934 0.000
1216 1345.054 465.011 0.000
1217 1347.593 465.934 0.000
1218 1349.078 465.011 0.000
1219 1350.893 464.193 0.000
1220 1352.361 461.994 0.000
1221 1354.001 460.339 0.000
1222 1356.407 458.922 0.000
1223 1358.946 458.006 0.000
1224 1360.453 457.193 0.000
1225 1362.025 457.193 0.000
1226 1363.788 456.523 0.000
1227 1363.788 455.861 0.000
1228 1364.500 456.523 0.000
1229 1366.043 459.661 0.000
1230 1366.983 461.078 0.000
1231 1366.983 461.078 0.000
1232 1366.983 460.339 0.000
1233 1366.983 460.339 0.000
1234 1366.043 461.994 0.000
1235 1365.232 464.193 0.000
1236 1363.788 468.078 0.000
1237 1362.975 469.826 0.000
1238 1362.025 468.994 0.000
1239 1361.193 469.826 0.000
1240 1361.193 470.523 0.000
1241 1359.748 472.922 0.000
1242 1358.946 474.295 0.000
1243 1356.407 475.043 0.000
1244 1354.921 475.967 0.000
1245 1353.123 477.430 0.000
1246 1350.893 478.123 0.000
1247 1347.593 480.593 0.000
1248 1343.547 481.273 0.000
1249 1339.477 481.273 0.000
1250 1336.174 481.273 0.000
1251 1334.705 480.593 0.000
1252 1333.934 480.593 0.000
1253 1333.003 479.877 0.000


"STmap_Distort_track_11"
1
14
1001 796.826 452.877 0.000
1002 802.999 448.000 0.000
1003 806.570 445.661 0.000
1004 811.967 445.705 0.000
1005 818.033 445.748 0.000
1006 823.430 446.500 0.000
1007 825.123 446.523 0.000
1008 820.934 428.078 0.000
1009 813.826 394.705 0.000
1010 796.500 336.011 0.000
1011 984.673 69.844 0.000
1012 911.558 12.934 0.000
1013 695.733 88.156 0.000
1051 695.733 88.156 0.000


"STmap_Distort_track_12"
1
24
1011 2579.735 430.727 0.000
1012 2538.461 358.997 0.000
1013 2495.841 303.983 0.000
1014 2436.338 261.768 0.000
1015 2373.065 225.946 0.000
1016 2325.705 194.826 0.000
1017 2299.705 199.006 0.000
1018 2281.043 291.946 0.000
1019 2250.547 415.826 0.000
1020 2220.661 466.477 0.000
1021 2219.705 466.477 0.000
1022 2223.139 478.705 0.000
1023 2231.066 525.003 0.000
1024 2265.547 557.844 0.000
1025 2303.989 531.844 0.000
1026 2325.983 458.616 0.000
1027 2347.593 364.066 0.000
1028 2394.654 264.661 0.000
1029 2445.039 202.043 0.000
1030 2484.345 177.570 0.000
1031 2516.315 176.107 0.000
1032 2544.745 174.033 0.000
1033 2570.282 173.957 0.000
1051 2570.282 173.957 0.000


"STmap_Distort_track_13"
1
14
1001 796.826 452.877 0.000
1002 802.999 448.000 0.000
1003 806.570 445.661 0.000
1004 811.967 445.705 0.000
1005 818.033 445.748 0.000
1006 823.430 446.500 0.000
1007 825.123 446.523 0.000
1008 820.934 428.078 0.000
1009 813.826 394.705 0.000
1010 796.500 336.011 0.000
1011 984.673 69.844 0.000
1012 911.558 12.934 0.000
1013 695.733 88.156 0.000
1051 695.733 88.156 0.000


"STmap_Distort_track_14"
1
24
1011 2579.735 430.727 0.000
1012 2538.461 358.997 0.000
1013 2495.841 303.983 0.000
1014 2436.338 261.768 0.000
1015 2373.065 225.946 0.000
1016 2325.705 194.826 0.000
1017 2299.705 199.006 0.000
1018 2281.043 291.946 0.000
1019 2250.547 415.826 0.000
1020 2220.661 466.477 0.000
1021 2219.705 466.477 0.000
1022 2223.139 478.705 0.000
1023 2231.066 525.003 0.000
1024 2265.547 557.844 0.000
1025 2303.989 531.844 0.000
1026 2325.983 458.616 0.000
1027 2347.593 364.066 0.000
1028 2394.654 264.661 0.000
1029 2445.039 202.043 0.000
1030 2484.345 177.570 0.000
1031 2516.315 176.107 0.000
1032 2544.745 174.033 0.000
1033 2570.282 173.957 0.000
1051 2570.282 173.957 0.000


"STmap_Distort_track_15"
1
233
1021 665.361 724.174 0.000
1022 645.684 724.861 0.000
1023 624.123 738.523 0.000
1024 635.946 774.339 0.000
1025 656.001 788.570 0.000
1026 662.807 765.252 0.000
1027 671.174 718.430 0.000
1028 694.232 673.033 0.000
1029 739.877 654.523 0.000
1030 764.934 669.430 0.000
1031 779.661 691.893 0.000
1032 787.066 711.001 0.000
1033 794.934 726.078 0.000
1034 797.339 730.078 0.000
1035 794.983 723.844 0.000
1036 788.807 719.025 0.000
1037 783.156 719.107 0.000
1038 778.788 719.232 0.000
1039 774.193 715.273 0.000
1040 769.043 706.547 0.000
1041 765.844 698.570 0.000
1042 765.107 687.107 0.000
1043 770.017 676.727 0.000
1044 779.316 669.107 0.000
1045 789.523 664.156 0.000
1046 796.877 662.547 0.000
1047 803.006 661.684 0.000
1048 809.107 663.997 0.000
1049 812.684 668.748 0.000
1050 815.033 675.025 0.000
1051 816.807 681.547 0.000
1052 820.078 685.384 0.000
1053 821.957 687.908 0.000
1054 825.316 690.079 0.000
1055 826.174 690.066 0.000
1056 829.946 688.477 0.000
1057 831.844 684.407 0.000
1058 835.273 682.908 0.000
1059 841.616 681.983 0.000
1060 847.844 683.361 0.000
1061 852.033 686.523 0.000
1062 853.893 689.788 0.000
1063 854.639 692.975 0.000
1064 855.316 696.975 0.000
1065 858.957 698.453 0.000
1066 864.139 696.844 0.000
1067 867.921 695.025 0.000
1068 869.661 694.156 0.000
1069 870.547 693.407 0.000
1070 870.593 691.922 0.000
1071 873.193 689.316 0.000
1072 876.908 690.033 0.000
1073 879.430 690.957 0.000
1074 879.524 688.453 0.000
1075 878.844 683.788 0.000
1076 875.273 678.078 0.000
1077 872.908 673.361 0.000
1078 874.524 675.877 0.000
1079 880.684 678.975 0.000
1080 887.523 682.877 0.000
1081 895.193 685.921 0.000
1082 901.232 688.989 0.000
1083 902.107 688.043 0.000
1084 900.570 684.078 0.000
1085 896.123 683.407 0.000
1086 894.339 686.705 0.000
1087 889.975 691.523 0.000
1088 882.922 695.705 0.000
1089 880.017 700.500 0.000
1090 879.983 706.011 0.000
1091 884.066 710.893 0.000
1092 888.430 713.054 0.000
1093 891.054 710.768 0.000
1094 893.989 704.174 0.000
1095 895.957 697.003 0.000
1096 897.893 689.893 0.000
1097 900.547 684.994 0.000
1098 903.092 683.273 0.000
1099 904.989 683.252 0.000
1100 904.006 684.043 0.000
1101 902.212 684.054 0.000
1102 899.788 683.339 0.000
1103 896.139 682.727 0.000
1104 892.861 681.983 0.000
1105 889.174 681.997 0.000
1106 884.989 681.156 0.000
1107 880.639 680.500 0.000
1108 876.139 678.078 0.000
1109 873.616 678.107 0.000
1110 870.967 679.006 0.000
1111 871.788 682.139 0.000
1112 871.705 684.639 0.000
1113 871.705 684.639 0.000
1114 869.983 682.174 0.000
1115 868.123 679.967 0.000
1116 867.339 677.500 0.000
1117 865.748 675.983 0.000
1118 867.430 675.025 0.000
1119 869.107 675.946 0.000
1120 868.212 676.768 0.000
1121 866.523 677.523 0.000
1122 863.922 678.295 0.000
1123 861.066 679.107 0.000
1124 859.295 680.003 0.000
1125 858.453 680.006 0.000
1126 858.453 680.006 0.000
1127 858.453 680.006 0.000
1128 860.174 679.123 0.000
1129 861.079 678.361 0.000
1130 861.066 679.107 0.000
1131 862.000 680.893 0.000
1132 862.921 683.066 0.000
1133 862.877 684.826 0.000
1134 861.989 683.079 0.000
1135 860.107 681.684 0.000
1136 858.407 681.727 0.000
1137 857.547 682.430 0.000
1138 856.616 684.934 0.000
1139 855.748 685.705 0.000
1140 855.826 683.193 0.000
1141 856.768 680.967 0.000
1142 859.339 679.139 0.000
1143 862.006 679.092 0.000
1144 865.616 679.054 0.000
1145 868.174 678.212 0.000
1146 869.092 676.748 0.000
1147 870.994 676.705 0.000
1148 871.921 677.407 0.000
1149 872.788 677.384 0.000
1150 874.524 675.877 0.000
1151 875.430 674.079 0.000
1152 876.339 671.844 0.000
1153 875.547 670.994 0.000
1154 875.570 670.066 0.000
1155 873.893 669.316 0.000
1156 872.967 670.092 0.000
1157 871.997 671.908 0.000
1158 870.079 672.705 0.000
1159 866.661 673.500 0.000
1160 865.826 673.523 0.000
1161 863.994 673.547 0.000
1162 863.994 673.547 0.000
1163 863.033 671.989 0.000
1164 863.078 669.547 0.000
1165 863.123 667.983 0.000
1166 862.273 667.054 0.000
1167 862.316 666.295 0.000
1168 861.547 664.893 0.000
1169 861.593 663.107 0.000
1170 860.826 660.908 0.000
1171 859.967 659.123 0.000
1172 859.989 657.661 0.000
1173 860.946 656.000 0.000
1174 860.967 654.339 0.000
1175 860.983 652.893 0.000
1176 860.983 652.893 0.000
1177 860.006 652.893 0.000
1178 859.078 652.001 0.000
1179 858.273 649.661 0.000
1180 859.232 646.453 0.000
1181 859.339 643.174 0.000
1182 860.212 641.705 0.000
1183 862.025 640.908 0.000
1184 864.844 640.877 0.000
1185 866.547 639.997 0.000
1186 868.295 637.547 0.000
1187 868.339 635.989 0.000
1188 868.339 635.989 0.000
1189 869.212 635.043 0.000
1190 870.079 635.033 0.000
1191 870.092 634.232 0.000
1192 870.123 633.500 0.000
1193 870.123 633.500 0.000
1194 869.252 633.523 0.000
1195 868.407 633.547 0.000
1196 867.616 632.826 0.000
1197 864.989 631.997 0.000
1198 863.078 631.999 0.000
1199 862.212 632.000 0.000
1200 859.705 632.003 0.000
1201 858.826 632.934 0.000
1202 856.997 632.946 0.000
1203 854.232 632.967 0.000
1204 852.547 633.807 0.000
1205 851.661 635.252 0.000
1206 850.748 637.844 0.000
1207 850.661 640.066 0.000
1208 851.407 642.593 0.000
1209 854.006 644.989 0.000
1210 855.893 645.807 0.000
1211 856.748 645.788 0.000
1212 859.273 644.946 0.000
1213 862.003 643.139 0.000
1214 866.500 641.593 0.000
1215 870.989 640.788 0.000
1216 874.453 640.748 0.000
1217 877.033 641.407 0.000
1218 878.957 641.384 0.000
1219 880.705 641.339 0.000
1220 882.339 640.616 0.000
1221 884.079 638.994 0.000
1222 886.908 637.252 0.000
1223 888.616 636.500 0.000
1224 891.107 635.748 0.000
1225 892.011 635.748 0.000
1226 892.994 634.946 0.000
1227 893.934 634.006 0.000
1228 894.788 634.934 0.000
1229 895.523 637.139 0.000
1230 897.123 638.908 0.000
1231 897.123 638.908 0.000
1232 897.139 638.001 0.000
1233 896.316 638.001 0.000
1234 896.295 638.908 0.000
1235 894.593 641.139 0.000
1236 893.684 644.430 0.000
1237 892.826 645.174 0.000
1238 891.000 645.193 0.000
1239 891.000 645.193 0.000
1240 890.025 646.957 0.000
1241 889.092 648.430 0.000
1242 887.361 650.006 0.000
1243 886.547 650.006 0.000
1244 884.877 650.957 0.000
1245 883.000 652.500 0.000
1246 880.273 654.043 0.000
1247 877.705 656.616 0.000
1248 872.212 658.156 0.000
1249 868.861 658.212 0.000
1250 865.107 659.054 0.000
1251 863.407 659.078 0.000
1252 862.570 659.092 0.000
1253 861.768 658.339 0.000


"STmap_Distort_track_16"
1
2
1051 1833.006 856.193 0.000
1139 1909.748 847.705 0.000


"STmap_Distort_track_17"
1
15
1001 2310.384 441.361 0.000
1002 2312.453 438.989 0.000
1003 2315.500 436.477 0.000
1004 2319.500 434.893 0.000
1005 2323.524 433.033 0.000
1006 2327.523 431.384 0.000
1007 2328.788 423.994 0.000
1008 2327.093 406.727 0.000
1009 2319.253 372.025 0.000
1010 2305.174 323.661 0.000
1011 2290.066 265.983 0.000
1012 2263.684 196.994 0.000
1013 2217.975 126.994 0.000
1014 2181.639 90.893 0.000
1051 2181.639 90.893 0.000


"STmap_Distort_track_18"
1
12
1001 1888.066 712.025 0.000
1002 1890.768 709.844 0.000
1003 1893.139 706.661 0.000
1004 1896.684 705.025 0.000
1005 1900.967 705.066 0.000
1006 1905.079 702.957 0.000
1007 1906.946 697.273 0.000
1008 1905.975 681.523 0.000
1009 1898.989 651.295 0.000
1010 1885.156 604.844 0.000
1011 1862.523 535.232 0.000
1051 1862.523 535.232 0.000


"STmap_Distort_track_19"
1
8
1001 1666.748 494.523 0.000
1002 1668.232 492.107 0.000
1003 1671.639 489.934 0.000
1004 1674.957 489.011 0.000
1005 1679.000 488.193 0.000
1006 1682.232 486.807 0.000
1007 1684.893 483.616 0.000
1051 1684.893 483.616 0.000


"STmap_Distort_track_20"
1
13
1001 2111.003 442.844 0.000
1002 2113.922 440.232 0.000
1003 2115.807 437.983 0.000
1004 2119.339 437.033 0.000
1005 2124.000 436.193 0.000
1006 2127.807 433.922 0.000
1007 2128.861 427.273 0.000
1008 2127.273 410.384 0.000
1009 2120.975 376.616 0.000
1010 2107.989 322.616 0.000
1011 2087.523 258.006 0.000
1012 2054.384 184.844 0.000
1051 2054.384 184.844 0.000


"STmap_Distort_track_21"
1
37
1019 2198.252 636.877 0.000
1020 2161.107 704.078 0.000
1021 2159.430 715.453 0.000
1022 2160.593 728.407 0.000
1023 2158.593 774.788 0.000
1024 2193.684 819.957 0.000
1025 2232.570 808.999 0.000
1026 2259.043 749.934 0.000
1027 2284.078 661.011 0.000
1028 2324.500 586.997 0.000
1029 2378.455 532.001 0.000
1030 2423.339 512.139 0.000
1031 2462.899 521.453 0.000
1032 2489.086 530.877 0.000
1033 2518.083 539.273 0.000
1034 2534.021 537.807 0.000
1035 2539.815 530.066 0.000
1036 2541.000 525.989 0.000
1037 2543.304 526.893 0.000
1038 2543.304 526.893 0.000
1039 2542.169 522.547 0.000
1040 2538.731 514.003 0.000
1041 2536.434 511.547 0.000
1042 2539.882 514.003 0.000
1043 2549.153 515.826 0.000
1044 2564.408 519.092 0.000
1045 2578.665 526.011 0.000
1046 2590.741 534.639 0.000
1047 2599.412 540.705 0.000
1048 2608.048 545.934 0.000
1049 2612.976 549.232 0.000
1050 2614.317 554.361 0.000
1051 2615.584 559.616 0.000
1052 2615.601 562.066 0.000
1053 2615.618 563.957 0.000
1054 2616.898 565.661 0.000
1055 2616.898 564.844 0.000


"STmap_Distort_track_22"
1
253
1001 1513.156 746.500 0.000
1002 1515.748 744.066 0.000
1003 1518.983 741.908 0.000
1004 1522.066 740.212 0.000
1005 1526.123 739.547 0.000
1006 1531.025 738.877 0.000
1007 1533.500 733.232 0.000
1008 1531.001 719.174 0.000
1009 1518.877 696.639 0.000
1010 1492.908 670.908 0.000
1011 1457.193 643.661 0.000
1012 1412.946 615.616 0.000
1013 1362.003 586.983 0.000
1014 1305.361 558.999 0.000
1015 1245.407 533.295 0.000
1016 1183.361 510.033 0.000
1017 1120.957 490.661 0.000
1018 1061.033 474.946 0.000
1019 1003.994 465.295 0.000
1020 952.017 461.174 0.000
1021 929.593 489.727 0.000
1022 911.453 488.011 0.000
1023 900.999 503.946 0.000
1024 916.092 537.017 0.000
1025 935.092 536.139 0.000
1026 932.994 495.994 0.000
1027 933.430 436.877 0.000
1028 951.384 383.994 0.000
1029 976.946 359.826 0.000
1030 993.908 364.639 0.000
1031 1004.934 381.156 0.000
1032 1010.861 396.156 0.000
1033 1015.934 404.967 0.000
1034 1017.523 402.547 0.000
1035 1012.430 393.033 0.000
1036 1007.316 386.844 0.000
1037 1002.232 385.054 0.000
1038 998.033 383.547 0.000
1039 994.788 376.453 0.000
1040 989.639 366.054 0.000
1041 987.946 358.193 0.000
1042 991.107 348.908 0.000
1043 999.639 339.453 0.000
1044 1010.523 334.006 0.000
1045 1022.212 331.000 0.000
1046 1032.316 330.232 0.000
1047 1039.994 331.078 0.000
1048 1047.570 335.107 0.000
1049 1050.989 340.861 0.000
1050 1053.477 347.922 0.000
1051 1056.003 354.054 0.000
1052 1058.570 358.033 0.000
1053 1061.011 361.123 0.000
1054 1063.616 364.316 0.000
1055 1065.156 363.639 0.000
1056 1066.975 360.477 0.000
1057 1068.593 357.361 0.000
1058 1071.967 355.011 0.000
1059 1077.844 355.033 0.000
1060 1082.826 356.807 0.000
1061 1086.967 359.946 0.000
1062 1088.593 363.861 0.000
1063 1089.361 367.788 0.000
1064 1091.975 371.727 0.000
1065 1096.011 374.006 0.000
1066 1101.946 374.946 0.000
1067 1106.921 374.033 0.000
1068 1109.232 374.975 0.000
1069 1110.054 374.983 0.000
1070 1110.043 371.861 0.000
1071 1110.033 368.684 0.000
1072 1110.989 367.934 0.000
1073 1111.844 366.193 0.000
1074 1110.025 361.570 0.000
1075 1106.844 354.547 0.000
1076 1101.844 346.684 0.000
1077 1098.361 341.054 0.000
1078 1099.139 341.983 0.000
1079 1105.011 345.946 0.000
1080 1113.273 349.946 0.000
1081 1122.430 354.705 0.000
1082 1129.017 357.003 0.000
1083 1130.807 354.768 0.000
1084 1129.957 350.844 0.000
1085 1127.339 350.826 0.000
1086 1125.844 353.957 0.000
1087 1122.453 358.593 0.000
1088 1118.295 362.339 0.000
1089 1115.967 366.212 0.000
1090 1116.826 370.139 0.000
1091 1120.006 374.092 0.000
1092 1124.092 375.000 0.000
1093 1127.453 371.025 0.000
1094 1129.983 364.003 0.000
1095 1130.807 355.453 0.000
1096 1132.273 348.384 0.000
1097 1134.893 343.807 0.000
1098 1138.025 342.999 0.000
1099 1138.983 343.844 0.000
1100 1138.983 344.547 0.000
1101 1136.430 344.523 0.000
1102 1133.997 343.807 0.000
1103 1130.748 342.983 0.000
1104 1126.547 342.967 0.000
1105 1122.361 342.946 0.000
1106 1118.174 342.922 0.000
1107 1114.043 342.003 0.000
1108 1110.000 341.139 0.000
1109 1106.768 341.107 0.000
1110 1105.957 343.523 0.000
1111 1105.967 347.407 0.000
1112 1105.975 349.893 0.000
1113 1105.017 349.000 0.000
1114 1102.616 346.684 0.000
1115 1100.975 345.006 0.000
1116 1099.156 343.453 0.000
1117 1098.361 341.983 0.000
1118 1099.139 341.066 0.000
1119 1100.011 341.983 0.000
1120 1099.139 342.768 0.000
1121 1096.861 344.123 0.000
1122 1094.193 344.107 0.000
1123 1090.997 344.997 0.000
1124 1089.232 344.994 0.000
1125 1089.232 344.994 0.000
1126 1089.232 344.994 0.000
1127 1090.054 344.078 0.000
1128 1091.877 342.705 0.000
1129 1091.877 341.946 0.000
1130 1091.877 341.946 0.000
1131 1091.877 343.361 0.000
1132 1092.684 344.999 0.000
1133 1091.893 344.997 0.000
1134 1090.043 343.361 0.000
1135 1088.430 341.017 0.000
1136 1087.684 339.500 0.000
1137 1085.997 341.006 0.000
1138 1085.054 341.908 0.000
1139 1083.476 340.156 0.000
1140 1081.908 337.025 0.000
1141 1082.661 333.066 0.000
1142 1085.025 331.639 0.000
1143 1089.139 330.934 0.000
1144 1092.547 330.017 0.000
1145 1095.001 328.547 0.000
1146 1095.922 326.994 0.000
1147 1096.727 326.078 0.000
1148 1097.477 326.092 0.000
1149 1098.232 326.092 0.000
1150 1099.997 324.727 0.000
1151 1100.877 322.273 0.000
1152 1100.861 319.999 0.000
1153 1100.844 318.361 0.000
1154 1099.983 317.661 0.000
1155 1098.174 316.908 0.000
1156 1095.877 317.616 0.000
1157 1094.043 318.273 0.000
1158 1090.908 319.033 0.000
1159 1088.252 319.025 0.000
1160 1085.934 319.011 0.000
1161 1084.092 319.006 0.000
1162 1083.273 318.156 0.000
1163 1082.500 315.957 0.000
1164 1082.477 313.523 0.000
1165 1082.477 312.807 0.000
1166 1081.705 311.983 0.000
1167 1081.705 311.983 0.000
1168 1080.893 310.252 0.000
1169 1079.994 307.994 0.000
1170 1079.025 304.893 0.000
1171 1078.156 303.139 0.000
1172 1078.139 301.768 0.000
1173 1078.139 300.033 0.000
1174 1078.107 297.826 0.000
1175 1078.107 296.994 0.000
1176 1078.107 296.994 0.000
1177 1077.295 296.989 0.000
1178 1075.768 295.273 0.000
1179 1075.727 292.078 0.000
1180 1076.453 289.003 0.000
1181 1076.407 285.967 0.000
1182 1078.025 284.295 0.000
1183 1079.861 284.316 0.000
1184 1082.156 284.361 0.000
1185 1083.967 282.011 0.000
1186 1084.788 280.477 0.000
1187 1085.523 278.975 0.000
1188 1085.500 278.033 0.000
1189 1085.500 278.033 0.000
1190 1086.252 277.252 0.000
1191 1086.232 276.547 0.000
1192 1086.232 276.547 0.000
1193 1085.477 275.826 0.000
1194 1084.705 274.989 0.000
1195 1083.893 274.043 0.000
1196 1082.054 273.232 0.000
1197 1079.684 271.788 0.000
1198 1077.997 271.768 0.000
1199 1076.212 270.957 0.000
1200 1075.430 270.946 0.000
1201 1073.877 270.934 0.000
1202 1071.193 270.908 0.000
1203 1068.877 270.893 0.000
1204 1067.033 270.861 0.000
1205 1066.193 271.570 0.000
1206 1065.453 273.043 0.000
1207 1066.252 275.523 0.000
1208 1068.001 277.043 0.000
1209 1069.788 279.523 0.000
1210 1071.316 279.570 0.000
1211 1073.003 278.861 0.000
1212 1074.748 276.361 0.000
1213 1077.066 274.011 0.000
1214 1081.212 271.807 0.000
1215 1084.639 270.997 0.000
1216 1087.975 270.107 0.000
1217 1090.361 271.003 0.000
1218 1092.011 271.006 0.000
1219 1092.957 269.453 0.000
1220 1094.547 267.975 0.000
1221 1096.079 266.273 0.000
1222 1098.705 264.908 0.000
1223 1101.043 264.011 0.000
1224 1102.877 263.212 0.000
1225 1104.407 263.252 0.000
1226 1105.156 261.861 0.000
1227 1105.156 261.861 0.000
1228 1106.983 263.273 0.000
1229 1107.877 265.768 0.000
1230 1109.430 267.193 0.000
1231 1109.407 266.477 0.000
1232 1108.661 266.453 0.000
1233 1108.661 266.453 0.000
1234 1107.893 267.174 0.000
1235 1106.066 270.361 0.000
1236 1105.295 272.877 0.000
1237 1104.570 274.273 0.000
1238 1102.957 273.570 0.000
1239 1102.967 274.252 0.000
1240 1102.011 275.033 0.000
1241 1100.384 277.453 0.000
1242 1098.877 279.003 0.000
1243 1097.043 279.001 0.000
1244 1094.705 279.877 0.000
1245 1093.000 281.295 0.000
1246 1089.788 282.975 0.000
1247 1085.593 284.407 0.000
1248 1081.407 285.989 0.000
1249 1076.407 285.967 0.000
1250 1073.033 285.946 0.000
1251 1071.384 285.011 0.000
1252 1069.844 284.174 0.000
1253 1068.975 283.477 0.000


"STmap_Distort_track_23"
1
242
1012 2053.193 885.908 0.000
1013 2008.893 823.861 0.000
1014 1950.003 774.252 0.000
1015 1883.156 736.616 0.000
1016 1821.156 703.361 0.000
1017 1775.011 691.011 0.000
1018 1736.477 755.983 0.000
1019 1689.788 864.025 0.000
1020 1691.453 873.727 0.000
1021 1695.807 881.639 0.000
1022 1701.661 888.006 0.000
1023 1709.054 892.054 0.000
1024 1718.212 894.684 0.000
1025 1728.193 896.339 0.000
1026 1739.989 898.107 0.000
1027 1751.639 898.361 0.000
1028 1763.156 898.661 0.000
1029 1811.997 858.997 0.000
1030 1853.316 853.547 0.000
1031 1881.946 871.861 0.000
1032 1902.967 893.967 0.000
1033 1918.844 904.001 0.000
1034 1929.078 904.252 0.000
1035 1933.523 904.453 0.000
1036 1932.705 904.407 0.000
1037 1930.975 904.339 0.000
1038 1929.078 904.252 0.000
1039 1929.078 904.252 0.000
1040 1924.922 904.107 0.000
1041 1921.156 900.011 0.000
1042 1919.453 898.339 0.000
1043 1922.001 896.006 0.000
1044 1929.922 896.174 0.000
1045 1937.826 898.989 0.000
1046 1945.807 904.003 0.000
1047 1951.934 905.003 0.000
1048 1957.017 905.107 0.000
1049 1960.616 905.232 0.000
1050 1962.252 905.316 0.000
1051 1963.123 905.361 0.000
1052 1964.997 905.430 0.000
1053 1966.826 905.523 0.000
1054 1968.476 905.616 0.000
1055 1970.156 905.705 0.000
1056 1972.000 905.768 0.000
1057 1974.705 905.877 0.000
1058 1979.975 905.994 0.000
1059 1987.922 906.123 0.000
1060 1992.174 906.316 0.000
1061 1996.807 906.547 0.000
1062 2002.011 906.807 0.000
1063 2004.826 906.908 0.000
1064 2006.523 906.967 0.000
1065 2007.361 906.983 0.000
1066 2009.092 906.999 0.000
1067 2010.997 907.006 0.000
1068 2011.946 907.017 0.000
1069 2013.705 907.054 0.000
1070 2015.384 907.107 0.000
1071 2017.107 907.174 0.000
1072 2018.999 907.252 0.000
1073 2022.616 907.430 0.000
1074 2026.066 907.639 0.000
1075 2024.000 896.025 0.000
1076 2022.861 884.826 0.000
1077 2021.683 875.877 0.000
1078 2025.017 871.967 0.000
1079 2032.232 874.570 0.000
1080 2039.748 882.011 0.000
1081 2048.975 890.570 0.000
1082 2056.361 898.983 0.000
1083 2059.139 902.212 0.000
1084 2059.139 902.212 0.000
1085 2057.453 903.957 0.000
1086 2058.593 908.908 0.000
1087 2054.989 908.748 0.000
1088 2055.935 908.788 0.000
1089 2056.844 908.844 0.000
1090 2059.453 908.934 0.000
1091 2062.092 908.994 0.000
1092 2064.967 909.011 0.000
1093 2068.547 909.107 0.000
1094 2071.156 909.232 0.000
1095 2074.967 909.430 0.000
1096 2078.593 909.661 0.000
1097 2081.232 909.807 0.000
1098 2085.000 909.946 0.000
1099 2085.975 909.975 0.000
1100 2085.975 909.975 0.000
1101 2084.017 909.922 0.000
1102 2080.361 909.768 0.000
1103 2076.826 909.547 0.000
1104 2072.066 909.273 0.000
1105 2068.547 909.107 0.000
1106 2063.017 908.999 0.000
1107 2058.593 908.908 0.000
1108 2053.043 908.639 0.000
1109 2048.639 908.384 0.000
1110 2045.957 908.232 0.000
1111 2043.092 908.123 0.000
1112 2043.092 908.123 0.000
1113 2043.092 908.123 0.000
1114 2043.092 908.123 0.000
1115 2041.339 908.066 0.000
1116 2039.639 908.017 0.000
1117 2038.788 908.006 0.000
1118 2039.639 908.017 0.000
1119 2040.453 907.212 0.000
1120 2041.339 908.066 0.000
1121 2039.639 908.017 0.000
1122 2037.908 908.001 0.000
1123 2036.001 907.994 0.000
1124 2034.123 907.967 0.000
1125 2034.123 907.967 0.000
1126 2035.043 907.983 0.000
1127 2036.975 907.999 0.000
1128 2038.788 908.006 0.000
1129 2040.500 908.043 0.000
1130 2042.193 908.092 0.000
1131 2043.092 908.123 0.000
1132 2044.997 908.193 0.000
1133 2046.877 908.295 0.000
1134 2047.768 908.339 0.000
1135 2048.639 908.384 0.000
1136 2048.639 908.384 0.000
1137 2048.639 908.384 0.000
1138 2049.500 908.430 0.000
1139 2052.123 908.593 0.000
1140 2052.123 908.593 0.000
1141 2053.997 907.000 0.000
1142 2057.500 904.768 0.000
1143 2062.997 905.807 0.000
1144 2067.523 906.807 0.000
1145 2072.017 907.788 0.000
1146 2074.908 907.908 0.000
1147 2077.593 907.989 0.000
1148 2080.361 909.768 0.000
1149 2083.066 909.893 0.000
1150 2085.000 909.946 0.000
1151 2086.921 909.989 0.000
1152 2087.844 909.999 0.000
1153 2087.844 909.999 0.000
1154 2087.844 909.999 0.000
1155 2087.844 909.999 0.000
1156 2087.844 909.999 0.000
1157 2087.844 909.999 0.000
1158 2085.975 909.975 0.000
1159 2084.017 909.922 0.000
1160 2083.066 909.893 0.000
1161 2083.066 909.893 0.000
1162 2083.066 909.893 0.000
1163 2083.066 909.893 0.000
1164 2083.066 909.893 0.000
1165 2083.066 909.893 0.000
1166 2083.066 909.893 0.000
1167 2082.139 909.844 0.000
1168 2081.232 909.807 0.000
1169 2080.361 909.768 0.000
1170 2080.361 909.768 0.000
1171 2080.273 908.946 0.000
1172 2079.295 907.092 0.000
1173 2079.212 905.570 0.000
1174 2079.139 903.975 0.000
1175 2080.043 903.043 0.000
1176 2080.043 903.043 0.000
1177 2079.123 903.017 0.000
1178 2078.139 901.361 0.000
1179 2077.139 898.975 0.000
1180 2078.011 896.453 0.000
1181 2077.999 894.003 0.000
1182 2077.994 893.139 0.000
1183 2079.893 893.212 0.000
1184 2082.547 893.361 0.000
1185 2085.174 892.788 0.000
1186 2087.000 890.295 0.000
1187 2087.946 888.844 0.000
1188 2087.934 887.983 0.000
1189 2087.934 887.983 0.000
1190 2089.705 887.079 0.000
1191 2090.547 886.339 0.000
1192 2090.547 886.339 0.000
1193 2090.500 885.593 0.000
1194 2090.453 884.844 0.000
1195 2090.430 883.983 0.000
1196 2089.500 883.017 0.000
1197 2088.547 881.361 0.000
1198 2086.788 881.252 0.000
1199 2086.788 881.252 0.000
1200 2085.893 881.212 0.000
1201 2084.975 882.017 0.000
1202 2083.999 882.006 0.000
1203 2082.043 881.066 0.000
1204 2082.043 881.066 0.000
1205 2082.066 881.999 0.000
1206 2082.107 883.661 0.000
1207 2084.025 885.252 0.000
1208 2086.000 887.946 0.000
1209 2088.946 891.156 0.000
1210 2091.748 892.994 0.000
1211 2093.453 892.123 0.000
1212 2096.054 889.967 0.000
1213 2100.616 885.994 0.000
1214 2105.001 881.107 0.000
1215 2110.453 878.994 0.000
1216 2114.043 878.193 0.000
1217 2117.908 878.384 0.000
1218 2119.727 878.500 0.000
1219 2122.317 876.994 0.000
1220 2124.054 874.661 0.000
1221 2126.877 871.430 0.000
1222 2128.616 869.957 0.000
1223 2131.252 869.066 0.000
1224 2133.107 869.139 0.000
1225 2135.011 869.232 0.000
1226 2135.997 868.547 0.000
1227 2135.994 867.788 0.000
1228 2137.908 867.877 0.000
1229 2138.921 870.193 0.000
1230 2139.957 873.661 0.000
1231 2139.975 874.384 0.000
1232 2139.957 873.661 0.000
1233 2139.957 873.661 0.000
1234 2139.975 874.384 0.000
1235 2139.025 877.684 0.000
1236 2138.212 881.788 0.000
1237 2137.477 884.997 0.000
1238 2137.430 884.054 0.000
1239 2137.477 884.997 0.000
1240 2137.570 886.661 0.000
1241 2136.788 889.006 0.000
1242 2135.946 891.477 0.000
1243 2134.001 892.107 0.000
1244 2133.033 892.997 0.000
1245 2132.107 893.844 0.000
1246 2130.295 894.453 0.000
1247 2128.570 895.123 0.000
1248 2124.983 896.807 0.000
1249 2121.092 895.826 0.000
1250 2119.232 894.934 0.000
1251 2118.339 894.893 0.000
1252 2118.294 894.000 0.000
1253 2118.294 894.000 0.000
